[-0.05251682404460942, -2.0915615595708696, -0.012121609636914716, -0.9999265305910282, 0.9581772295022997, 0.7989711489503055, -0.8892621367006094, 0.8089956042212241, 0.9160553809921957, 1.901723276514123, -0.8473662491663796, 1.905636281537264, 0.6103502516119287, 3.284365927167807, -0.48066667071107305, 3.3028154807016437, 0.7418285262109056, 5.1252367117476565, -0.3863521535651993, 5.1058656820218316]
[-0.054979816123425736, -2.0929205176291834, -0.013911230916224041, -0.9999032341453824, 0.9611754056885748, 0.804807765935995, -0.8944101986059706, 0.8100222314192195, 0.9721471304900984, 1.9031118800920839, -0.8533719452274512, 1.9115402598208902, 0.6115014502205459, 3.300033867518936, -0.4882778628375269, 3.315108862151867, 0.7284120368841676, 5.145967876689948, -0.36369306364609677, 5.118720777835948]
[-0.058472525640843306, -2.0947179090336494, -0.014852113775191201, -0.9998897012753001, 0.9651730582481721, 0.8065850816739795, -0.8978457123479948, 0.82203843332922, 0.936918924488294, 1.9096035884780433, -0.8582456816999025, 1.9260220867606064, 0.6141865763972327, 3.3140627504576745, -0.49255601217972617, 3.3308463969852027, 0.7196892842503014, 5.168386139872288, -0.365076996485064, 5.137969461975924]
[-0.05843980172284795, -2.0937224239839485, -0.015104282578893229, -0.9998859238172009, 0.9660922182785069, 0.8035702969900872, -0.8983053278572684, 0.8081613805564596, 0.9367849253210311, 1.9006359532337074, -0.863168482835953, 1.9236166034807365, 0.6146101880670984, 3.3139241628764062, -0.49232112787736126, 3.333954209637799, 0.7181188246351242, 5.172707203760857, -0.35601473787616517, 5.138596823866663]
[-0.05835271240274594, -2.092809562172373, -0.01585079075980666, -0.9998743683244854, 0.9678280132680851, 0.8040405503114779, -0.8973475071607174, 0.8117259456127096, 0.9406712189737428, 1.8985483888178438, -0.8625383476915025, 1.929332197593722, 0.6158615656947828, 3.31723513120466, -0.49496075479374607, 3.3309627602222176, 0.715953382710103, 5.180300988921266, -0.3513691044715035, 5.144300298898806]
[-0.05952167578559718, -2.0910076665924877, -0.015310140498879623, -0.9998827929302038, 0.9681989571074345, 0.803025037210645, -0.8975016081685759, 0.8183113328852996, 0.9313908660170821, 1.89760864201434, -0.8639713293904622, 1.9355592399974215, 0.6148123054616312, 3.319477610388164, -0.49782959402746435, 3.3331660980904005, 0.7115205515367641, 5.186892525315263, -0.34622331549654795, 5.148006650554967]
[-0.05966941498018334, -2.0888527626961015, -0.015422680299290262, -0.9998810633932347, 0.9671535610230428, 0.8033037084255586, -0.8961316270020083, 0.8186509295591762, 0.9354693561084866, 1.89122186094491, -0.8640837582142191, 1.9357191980523196, 0.6147848688491879, 3.3156887433823075, -0.5046152185784633, 3.267365280946762, 0.6937576300332607, 5.187564548870045, -0.3248862220157249, 5.127341655824496]
[-0.060058539700455875, -2.091010908892652, -0.01564516364967505, -0.9998776069371564, 0.9707794118960283, 0.8020358813384485, -0.8969358302006408, 0.8229741160574758, 0.9395637492808787, 1.8990124559694281, -0.8651878421380167, 1.9404804104821807, 0.6168846003726379, 3.326287122760956, -0.5055368361309931, 3.28707872648291, 0.6972385792700178, 5.199890357028378, -0.3163109969439231, 5.140878505455674]
[-0.06358604864095077, -2.0903570501251956, -0.015516133611180014, -0.9998796175529131, 0.9722479527794914, 0.803686656712979, -0.8975290657196424, 0.839830377173123, 0.9399941853519215, 1.9014726327467941, -0.8647857114405875, 1.9459350542192408, 0.6174917738318503, 3.328932920589167, -0.5092283231199621, 3.2948431951714787, 0.6986377415966784, 5.2030476746026775, -0.31413949678718417, 5.146010668415206]
[-0.06245063562825463, -2.0919271332618137, -0.016439494142281307, -0.9998648623850855, 0.9749334334387474, 0.8014810181609358, -0.8982037930831207, 0.8405683516633576, 0.9413335642136179, 1.9055027571677958, -0.8648362892769208, 1.9537002053629122, 0.6214219740385615, 3.3343171633296604, -0.5094613594205935, 3.306624029837704, 0.6965670441939701, 5.207981229157024, -0.3204047863600812, 5.154373078261456]
[-0.063137793009355, -2.0929457879255464, -0.017085542239307635, -0.9998540314697886, 0.9761529000003142, 0.8033789431019103, -0.8979074090774988, 0.8387032096819045, 0.9411239919432165, 1.8927848482500447, -0.8638983318706106, 1.962525269006619, 0.6243379641569494, 3.3359873854155153, -0.509603106427458, 3.31429309960526, 0.693336166032179, 5.212499161380293, -0.3226946810544229, 5.159001077062685]
[-0.06566675380114433, -2.0936517774136156, -0.01650606272019053, -0.9998637656668418, 0.975409335477484, 0.8039152235313183, -0.8996985476377747, 0.8386385257089277, 0.9409494004865968, 1.892950412432147, -0.8659108225615008, 1.9663944542935796, 0.6235614785431202, 3.3379380657860174, -0.5117238991287747, 3.3192720073235695, 0.6919567039267475, 5.217917401765751, -0.31382081533608014, 5.160442296579139]
[-0.06680381606174203, -2.0945187878808147, -0.016440395429368072, -0.9998648475659728, 0.9767950400707747, 0.8055262293937854, -0.9001542827706359, 0.8393932640356573, 0.9441671061771351, 1.8956662908439326, -0.8659347157440438, 1.9714472680842585, 0.6240861239712358, 3.3412245249322767, -0.5173868959032228, 3.2886892378851518, 0.697324193669773, 5.218119590576422, -0.2999637263281648, 5.153363340095414]
[-0.06906942070995371, -2.0944821894620103, -0.015920729653431297, -0.9998732571517764, 0.9754724366787929, 0.8047357418166885, -0.9017271285896619, 0.8401285436385559, 0.9395392201966611, 1.9040668383497081, -0.8729343584208245, 1.9582745486296458, 0.6230283548088734, 3.343311188991966, -0.5174258867066756, 3.3047999170305307, 0.6991206224475863, 5.222273687093661, -0.30433408805675205, 5.158773610068807]
[-0.07038888197433994, -2.0953786725331827, -0.015731543505570093, -0.9998762516126345, 0.9749716035451985, 0.8046730925088271, -0.9024116400268001, 0.842201232752517, 0.9421694238794227, 1.9050087199950463, -0.873341686094615, 1.96194309698794, 0.6231924226941916, 3.3463298640278416, -0.5196313108569857, 3.3155863150826543, 0.7009496453934205, 5.22619338342495, -0.3024387380279099, 5.1636045484853135]
[-0.07059882278707806, -2.094900462748763, -0.015353120627637721, -0.9998821338972875, 0.97461969058231, 0.8067920816598737, -0.9029697385934212, 0.8429233905878363, 0.9438568725521765, 1.9051169987552226, -0.8730392879570451, 1.967589949001542, 0.6258312910805216, 3.3480143278881056, -0.5183420826954755, 3.3270260682810813, 0.6971872587353446, 5.229599440487232, -0.3095184310793899, 5.1703039095492676]
[-0.07045334361181, -2.0972273749359522, -0.01581319942530975, -0.9998749635449102, 0.9716589782887229, 0.8174442898045208, -0.9031896269639172, 0.8443935956557418, 0.9451168951287879, 1.9134845272641259, -0.8731280623465492, 1.969774017245066, 0.623543153793212, 3.2981867117289707, -0.5189543515851356, 3.3311337526688813, 0.6954093533897049, 5.219530835426861, -0.3148681199072071, 5.177860484327276]
[-0.07157194720823716, -2.0982147116508454, -0.015201298659068935, -0.9998844535840518, 0.9712340371096109, 0.8177439136870187, -0.904496792578415, 0.8429500679662796, 0.9424097134179685, 1.9217390486838746, -0.8738082477259106, 1.9726901709889977, 0.6253841059519405, 3.307472616157744, -0.5190101501389938, 3.3402075739142663, 0.6940597225436442, 5.22326872761127, -0.3187084363071633, 5.181809662872522]
[-0.07271908353604642, -2.100331295950232, -0.016275494444652434, -0.9998675453681761, 0.9701751508955528, 0.8158925596475691, -0.9054663206513051, 0.8443442818565188, 0.9420817642451295, 1.9236220775994293, -0.8770107084656654, 1.9660585960562087, 0.6249926243564689, 3.3172510281319325, -0.5203188111659028, 3.3460782410277097, 0.7080716866541195, 5.231129652176818, -0.32701666056950396, 5.187104575358582]
[-0.07316202188113162, -2.1002385522061577, -0.016130560087019383, -0.9998698940518607, 0.9694345534940982, 0.81677737804313, -0.9050969822940985, 0.8475782559602191, 0.9432948237372977, 1.9296827218382877, -0.8786507306068354, 1.9679399262965898, 0.6258486733276002, 3.320479476630032, -0.5215683811517909, 3.352189121317045, 0.7045439523709055, 5.230744849934775, -0.33495206660237, 5.193340753233297]
[-0.07214060306482126, -2.0975981215354955, -0.015793604023349922, -0.9998752732575967, 0.9684590694678797, 0.8171176802937592, -0.9049947479591481, 0.8466596130025006, 0.9419716530048753, 1.931340566794794, -0.8773466036675214, 1.971397350717496, 0.6265952041796301, 3.3219853515680127, -0.5225831089453148, 3.3529995575661373, 0.7033847009575932, 5.2263839237358525, -0.3359221992369005, 5.189739816048236]
[-0.07334173525575965, -2.0979814867110234, -0.015387904413715915, -0.9998815991895011, 0.9681402841872986, 0.8188745741098189, -0.9070655099307939, 0.8477769994531437, 0.9425118494420747, 1.9344641222036583, -0.8809865395469796, 1.963829339432945, 0.6241654606152912, 3.3287723307946666, -0.5243232016991892, 3.3579926835082294, 0.7071778844233627, 5.227232173789515, -0.33696977028970115, 5.192589195187767]
[-0.07314629536430625, -2.0995486523304927, -0.015415231961969962, -0.9998811782524755, 0.9686804540611875, 0.8157051623306806, -0.9124595821618743, 0.8740471526174659, 0.9457259099449247, 1.9373534328675837, -0.8819741836099606, 1.9654416486836221, 0.6275749083717437, 3.334305689137656, -0.5242505920770143, 3.3603479760140775, 0.7093032881462401, 5.23295298738471, -0.3386463888640808, 5.195562292682794]
[-0.07538713398058079, -2.1008046884702507, -0.0158664345567909, -0.9998741202043661, 0.9707053742323484, 0.8186490829945331, -0.9242427853281496, 0.8665296108197943, 0.9591648388578589, 1.9198833272113405, -0.8994866869640907, 1.940652176138839, 0.6269824921092991, 3.3358632478464685, -0.526204313747058, 3.3640383435802117, 0.7031577654134636, 5.234604863362562, -0.3363999010085081, 5.198115934948659]
[-0.07543486882021683, -2.099258346266808, -0.01315049273360745, -0.9999135285317743, 0.9812955960875654, 0.8155345831893274, -0.9451921694484986, 0.8519973289966644, 0.9732892084441502, 1.9050585315895505, -0.9161271365134618, 1.9186902191370174, 0.6276603247977818, 3.336490580901437, -0.5270294787937174, 3.370306631615715, 0.6959391400221893, 5.235704511148696, -0.3394616266681005, 5.197396390941604]
[-0.07500333320176648, -2.0966585826594364, -0.012156234994850417, -0.999926110245527, 0.9954932581243563, 0.8293687446255097, -1.0561594983084606, 0.7883341061334806, 1.0220933993200056, 1.9115225190997696, -1.0343155979205871, 1.9517901448386787, 0.6260418858904897, 3.333841679045027, -0.5266799931610047, 3.370050345959505, 0.6915670591343513, 5.2355362861284, -0.340255316747405, 5.1931787313137185]
[-0.07607070687829126, -2.0980725553970414, -0.011030526215352028, -0.9999391618950687, 1.0506139095772353, 0.7972344842327265, -1.104463344020626, 0.7490009971689544, 1.0535743955330494, 1.9088751605841692, -1.2143918658177124, 1.9293749511305172, 0.6254693757226998, 3.3348592019329653, -0.5249155928596418, 3.3797033261980096, 0.6785314455298717, 5.241242472210016, -0.33329909679400965, 5.199928592891325]
[-0.06277939240547392, -2.10190979531835, -0.009471536617433338, -0.9999551439910216, 1.1085926258595136, 0.7302596135594509, -1.188922203432149, 0.6471415056489687, 1.1091243949602474, 1.802920111534159, -1.4244316431346344, 1.8224206686435394, 0.6245373343390394, 3.3381613842296436, -0.5286724813072188, 3.3863099760127464, 0.666928146637805, 5.257287743212862, -0.32872513722600766, 5.200082322184131]
[-0.040970913731396705, -2.1029240592079876, -0.006353290488691337, -0.9999798176463195, 1.1997315539792206, 0.639588090696358, -1.284274054862123, 0.5689236283484754, 1.136630809771604, 1.7160045322268758, -1.692482986619062, 1.6138924685372305, 0.6199473544910707, 3.3445455065404004, -0.5329989034223364, 3.3865852802464493, 0.666288397895212, 5.2752545611214385, -0.3159056936281004, 5.188987281297715]
[-0.017869189595911238, -2.10695476347731, 0.0036404177749203848, -0.9999933736572579, 1.2516725629191345, 0.5441583773423551, -1.5178036346633783, 0.4559380588418039, 1.188448438347194, 1.3134266970189765, -2.024337393598532, 1.4081263779397653, 0.6022790329726533, 3.350672391644796, -0.5466254477187622, 3.2992851860328702, 0.6521037872486397, 5.287883234860817, -0.33051873775401, 5.200716086930809]
[0.018650026099854496, -2.116245932815989, 0.0035135236977335746, -0.9999938275565632, 1.3130206816109602, 0.4121933176450051, -1.5844016395399567, 0.36456065315755826, 1.1367143292896456, 1.1359405525851198, -2.332718322161303, 1.088574389481936, 0.5874851327976387, 3.3671432408112816, -0.5706838266709138, 3.3047486650388698, 0.6422458642907922, 5.331711504090334, -0.3414427738014757, 5.228781648050734]
[0.018650026099854496, -2.116245932815989, 0.0035135236977335746, -0.9999938275565632, 1.3130206816109602, 0.4121933176450051, -1.5844016395399567, 0.36456065315755826, 1.1367143292896456, 1.1359405525851198, -2.332718322161303, 1.088574389481936, 0.5874851327976387, 3.3671432408112816, -0.5706838266709138, 3.3047486650388698, 0.6422458642907922, 5.331711504090334, -0.3414427738014757, 5.228781648050734]
[0.23213359790444543, -2.1453367212287473, 0.04023279047360978, -0.9991903335054372, 1.3285132743814163, 0.22883881686999524, -1.858854110424185, -0.2860059627015331, 1.1455311408287343, -0.05822928399221002, -2.841656129288382, -0.3681807822318377, 0.4379177937732293, 3.2602584558709427, -0.7021411117542585, 3.2107587630290197, 0.649523666222407, 5.452027189809878, -0.4319099512331394, 5.278138585137293]
[0.23213359790444543, -2.1453367212287473, 0.04023279047360978, -0.9991903335054372, 1.3285132743814163, 0.22883881686999524, -1.858854110424185, -0.2860059627015331, 1.1455311408287343, -0.05822928399221002, -2.841656129288382, -0.3681807822318377, 0.4379177937732293, 3.2602584558709427, -0.7021411117542585, 3.2107587630290197, 0.649523666222407, 5.452027189809878, -0.4319099512331394, 5.278138585137293]
[0.285064841745299, -2.145660873157446, 0.07060086646568377, -0.9975046454299321, 1.4361238082854713, -0.16683545628975058, -1.972089843890894, -0.45094553532921466, 0.7247769302082856, -0.4843460436582315, -2.996471803683541, -0.7887720119292773, 0.3826173299126366, 3.253148448067234, -0.7611081480845189, 3.196792831769048, 0.6415755070822616, 5.5101349954987695, -0.5296699119268222, 5.3414486212445516]
[0.28804203034718673, -1.9868407445164022, 0.13639939523312264, -0.9906539279587189, 1.4263832875571536, -0.4304883894872981, -1.9032336470231104, -0.5256235598184178, 0.3704540393040726, -0.8205913510790278, -2.87137277015669, -0.950119136663082, 0.2757654379748222, 3.0846132746315478, -0.8022686997795418, 3.048231331220527, 0.5504204033480831, 5.297609487761286, -0.6652992888131725, 5.16751138524156]
[0.2350685168420106, -1.8656418768606842, 0.2141768759651968, -0.976794894438842, 1.102465287445714, -0.44842825143007387, -1.9851831714477823, -0.5913724667753539, -0.1056733707196126, -0.9279800545021939, -2.88272145104594, -1.0957171947236533, 0.10975598904688624, 2.9939314957084133, -0.9054276366380395, 2.9450876898829694, 0.3875082387738354, 5.118811722252236, -0.9197191024888902, 5.019320489660271]
[0.3628244941200491, -2.132431863007725, 0.21631893161691376, -0.9763227539211186, 0.9891427649547739, -0.8963512430924796, -2.2568375829004803, -0.8956080244073815, -0.06515310145837187, -1.3495909593947328, -3.495536579167967, -1.7491896541841545, 0.12918574763666815, 3.2356435511903165, -1.0223083269803428, 3.1581495731844806, 0.46715853765783416, 5.763896364300928, -1.1388112597013451, 5.660639269648007]
[0.3863191123709665, -2.1178775983779463, 0.2393292971713827, -0.9709384571204562, 0.9534590576576998, -0.9147000678929449, -2.363888888417062, -1.0309146277641514, -0.1373192247351333, -1.4029907555397678, -3.4869968070350392, -1.9030813306263517, 0.09698229914345895, 3.242813283712436, -1.0786554203660765, 3.155376891984226, 0.41757422251793774, 5.813030338474784, -1.3132239674000057, 5.6992724450443815]
[0.4759562964389907, -2.338317401322975, 0.26964971391733866, -0.9629584787436567, 1.0204085693795397, -1.1155842141661143, -2.6022664369447104, -1.248753293233427, -0.17185307822598278, -1.7117668100798034, -3.776122175856835, -2.2370664310408457, 0.08622458971404011, 3.4458098666218433, -1.215658945926361, 3.379461390167933, 0.45433231088316217, 6.267312169768257, -1.5691225217966618, 6.150101879331435]
[0.5014180652048891, -2.322206722383635, 0.2641520859351618, -0.9644810394694667, 1.0126291770827032, -1.1413248672023373, -2.6025787880111353, -1.2604074780838532, -0.2779208343767655, -1.6937224428569482, -3.7589070183272044, -2.281276489725018, 0.0933234217887649, 3.4493434366983697, -1.2225817960546943, 3.4118767623432498, 0.5100978301477498, 6.279129726900603, -1.6691674643254204, 6.149918750341697]
[0.5126091579602942, -2.3491811189689287, 0.25793959424530305, -0.9661610454373373, 1.012994009552231, -1.1496983364136826, -2.595779445308217, -1.2559211921640236, -0.23938735401097655, -1.691645830755102, -3.7456706979864003, -2.3070146561504234, 0.10960480681445588, 3.475006806090405, -1.2452518930273475, 3.480432903490927, 0.5101112353205933, 6.339793931756232, -1.7161067279055342, 6.1736506835062634]
[0.5109787217303432, -2.333227401624667, 0.2515757730548468, -0.9678376053924833, 0.9960239290416739, -1.1019661230970614, -2.5614136997423365, -1.1668720221459359, -0.2642194563918534, -1.6575465756497814, -3.6833661551025245, -2.2307520006527826, 0.12072087276774732, 3.492499503218657, -1.2358706098030674, 3.4414679420533223, 0.48746359196663386, 6.341391470741445, -1.712113214474767, 6.121118447206526]
[0.5058186985077542, -2.3348136660801604, 0.23691913288313715, -0.9715293739634959, 1.0052336294011481, -1.0220591627738653, -2.522848652490083, -1.0301417483084978, -0.7148345785248078, -1.6464075005898366, -3.5538096536875114, -1.938500840454644, 0.1305034438337724, 3.4690428650254646, -1.2113123704893691, 3.408228249574198, 0.487822644764167, 6.311343296018702, -1.6719470023899572, 6.091270130865145]
[0.4177517123159155, -1.9175423598276358, 0.17507488626457518, -0.9845551199396844, 0.8645375378515449, -0.6230530678076222, -2.085998652334046, -0.6238240450941044, -0.2378994448729813, -0.987438250892375, -2.9548277606464404, -1.2906661248063775, 0.14050594384684095, 3.0871219125811113, -0.9874370854986406, 3.030908600181692, 0.4576643633934509, 5.4829775888381596, -1.309216271731433, 5.296471340698977]
[0.3770491826091634, -1.9222907319036684, 0.15695654702007075, -0.9876055094760945, 0.8362953683113663, -0.4031089630508963, -2.0482435505121597, -0.559942644484098, -0.1588946847177172, -0.8492951340783158, -2.812925729175105, -0.9462730732921307, 0.16357403536362272, 3.096384084384822, -0.9542956000919434, 2.9967736054306022, 0.4854025261273123, 5.443909980665949, -1.2015665576538268, 5.243022833088044]
[0.37282761004135084, -2.0515633803649025, 0.12520467498131158, -0.992130933578237, 0.8933509046287657, -0.2743047253931247, -2.1072061139095317, -0.5840372239579622, -0.10135697457182395, -0.671717261501099, -2.8771937856149967, -0.9399600726194652, 0.22087585605295862, 3.229776869320306, -0.952676605428314, 3.0894222034588354, 0.5410113520094102, 5.578150299333768, -1.152645267553672, 5.391396676466837]
[0.26359074613862615, -2.121886816617438, 0.09542837124118111, -0.9954362992990838, 0.8627785483018194, -0.016720650772971666, -2.115801304718357, -0.5762621844270057, -0.13095869577312266, -0.31545359821367575, -2.717665890992273, -0.2676492586772505, 0.2565769311182739, 3.3099084497725744, -0.9306638579318232, 3.1321022602223025, 0.5894424351664296, 5.595549717100044, -1.0437792490054432, 5.403038024561092]
[0.24361138009820332, -2.141021993844783, 0.07017503150744356, -0.997534693608663, 1.2936695967590202, 0.2604306724068123, -1.8546548708632375, -0.26533110588868736, 0.3187141091448701, 0.1040118559600874, -2.6103174756139107, -0.24922192513208263, 0.3077604292728221, 3.3679193917038903, -0.8893898619186634, 3.149744671522071, 0.580729199269347, 5.569313432802821, -0.9118563337369763, 5.3728392146685024]
[0.19308753561836386, -2.158313223738886, 0.053107079798385984, -0.9985888233278438, 1.2402234762760147, 0.2944786269256855, -1.833137317436927, -0.2243255084273098, 0.17887854371388692, 0.5049657561384044, -2.541511972175453, -0.062039022707559184, 0.33892872760728104, 3.3933821324199758, -0.8592621222281445, 3.239162202373706, 0.5566285858027648, 5.523329081852225, -0.860201649342692, 5.338267619761705]
[0.13716257166164675, -2.1462348949301404, 0.04045858944556076, -0.9991812160664728, 1.178958985409034, 0.452736875113273, -1.9535559336744739, -0.07976822059104835, 0.22240782086710692, 0.9239266020155957, -2.192288611328857, 0.7482146494392441, 0.37181768477795674, 3.3941639978566176, -0.8211602198450516, 3.216068834932909, 0.5580917515810099, 5.45791675720208, -0.8157135556659011, 5.278568922586011]
[0.11108131243664178, -2.1045181042117447, 0.0019978655332329987, -0.9999980042646641, 1.135224260794273, 0.5528795965069904, -1.7484970037562928, 0.21336438638494923, 0.5404300390441361, 1.1497809666795953, -1.861443365293988, 1.099445614961815, 0.43353806003977835, 3.364855086812982, -0.7472580490408758, 3.3366986908685066, 0.5863387675880186, 5.3608549707844535, -0.7122431045526383, 5.172480838933585]
[0.07534897769071948, -2.1033599653487745, 0.008660182761144932, -0.9999624999141434, 1.08252381117544, 0.6578816939478223, -1.6588119988821495, 0.3379797707833452, 0.5798859565582912, 1.4669815472638328, -1.6152970778353102, 1.427034007112214, 0.4623956724120602, 3.3682203961899657, -0.715438176509757, 3.3623622616519095, 0.584722255751698, 5.322247180200678, -0.6746663348018883, 5.130185293333242]
[0.0864781164357773, -2.0834345729168824, 0.02050480541308457, -0.9997897543758746, 1.0558579723060697, 0.7955330764531877, -1.4355064997053981, 0.5368837936648128, 0.6328785765272333, 1.6573045508524964, -1.3717250408353372, 1.6625398038031753, 0.518794285904744, 3.3388212163991673, -0.6518122870427431, 3.3586413448144983, 0.6201237012434824, 5.2615104530745835, -0.6040770340090326, 5.068897981493084]
[0.04888351598820366, -2.1073336817628077, 0.017259133511546055, -0.9998510500621733, 0.975335264566835, 0.7877114363453447, -1.351101943337989, 0.6071287167157419, 0.7286911538084053, 1.7481298291279996, -1.1709671895147689, 1.8619032985757735, 0.5531153925642744, 3.3555827038665824, -0.6258476730221585, 3.375521675421011, 0.6351487979468394, 5.277763375943604, -0.5733681180618753, 5.083336733816641]
[0.006985894855349864, -2.1002914324190654, 0.010588258034657886, -0.9999439428246922, 0.9818373104340573, 0.7946198000797589, -1.2233660624160314, 0.7035959935056695, 0.8487432496434415, 1.7593913520546847, -1.0565201976396414, 1.9018008270516058, 0.574464995163655, 3.3539122670063404, -0.6071854115122058, 3.3167679641726413, 0.6440573479980554, 5.2435362952981, -0.5365391382378676, 5.02111474232696]
[0.00874191799644977, -2.0906979345474688, -0.006736076650346212, -0.9999773123783162, 0.9961648905962398, 0.7953042264170677, -1.051092847098718, 0.7909603035967189, 0.8634989588829124, 1.7969299464069834, -0.9545170743356025, 1.8459575306057263, 0.6088194106746887, 3.3626199427869587, -0.5714913668264909, 3.3130750355612237, 0.6726905360034806, 5.225113139254996, -0.5020946486864944, 5.0082326454583335]
[-0.024309245242878655, -2.0888019602094237, -0.006953291838888498, -0.9999758255741003, 0.9900448745456515, 0.8005747189776194, -1.003558832180964, 0.8178728422204009, 0.8713039303732588, 1.8021192298542368, -0.9161206931042243, 1.8555112175786053, 0.6174441677712919, 3.367018419331287, -0.5623383516231024, 3.3048664694165613, 0.6590811451826786, 5.214391038587442, -0.5054114416564702, 5.008033471284012]
[-0.03714577509779253, -2.087835693477231, -0.014682595244118768, -0.9998922048885558, 0.9955500748690465, 0.8039471580116212, -0.9709210021757382, 0.8221037497492488, 0.894171303308803, 1.817000897962787, -0.8845115375184284, 1.8547370263374043, 0.6397942043562072, 3.367671078050244, -0.534768817014649, 3.2994766310245054, 0.6697217802724673, 5.202319721475015, -0.4980775722343391, 5.010853775491607]
[-0.05770595049304528, -2.097003569593118, -0.014961415317220828, -0.9998880717618877, 1.0056455396159332, 0.8178640934814413, -0.9503975594390698, 0.8279939148717698, 0.9020048355290988, 1.865324550381021, -0.9030396184865931, 1.9343520174893365, 0.6524411502367241, 3.3717401702868135, -0.5168319974560612, 3.300201866337544, 0.6797503895414259, 5.206586952947005, -0.47605025023290093, 5.021103445502661]
[-0.06446109519461812, -2.092678946487502, -0.00936028833208053, -0.9999561915415797, 1.017916505379686, 0.8204316374554411, -0.9845675327423566, 0.806384590519148, 0.9142082631931423, 1.8589332640571101, -0.9408466149832149, 2.0627230619768575, 0.6501853729079594, 3.3690263991356706, -0.513683824767231, 3.3341953815103023, 0.7078541703846291, 5.201903653473586, -0.4470632360643383, 5.0227903063140005]
[-0.05688599192069031, -2.090614115468869, -0.009526794418402706, -0.99995461906434, 1.0520611562158417, 0.7999048562008004, -1.0240694515004938, 0.8163078463465194, 0.967763816247058, 1.6560310142257344, -1.041611824555717, 2.0173222877219876, 0.6522180076623145, 3.360467598347812, -0.5194194041773763, 3.3618743381283105, 0.7048882329327169, 5.197996876221749, -0.4208242884161132, 5.026727751114575]
[-0.050567111615894236, -2.088510895891625, -0.007024010160276521, -0.9999753313363627, 1.1662671498719779, 0.6738219617177612, -1.1225259400738405, 0.7476467044287457, 0.9655084347957786, 1.501125970170679, -1.3216340068714152, 1.9510278018472522, 0.6394724194378953, 3.2695355776251005, -0.5208003994284575, 3.384338093732371, 0.7056231362276234, 5.196274885295782, -0.42300719110371743, 5.04183959352347]
[-0.049927485003056195, -2.0908914109050234, -0.007553365733712168, -0.9999714729261494, 1.2191405320887776, 0.5367136130341225, -1.2396416468694298, 0.6270223666188206, 0.9186882873424005, 1.243368746246754, -1.5910569209073502, 1.7032988383071226, 0.6353765714334921, 3.3069378958406803, -0.5308777760228193, 3.3923897102093092, 0.7190696137163239, 5.221246661711382, -0.4115682877352598, 5.051057352330354]
[-0.05217863104960706, -2.0953375296501853, -0.009119414480052908, -0.9999584172752091, 1.263886649861954, 0.43040926171441696, -1.421288458372835, 0.4460222189901885, 0.8555761601672403, 0.9029874762337115, -1.9438633260990177, 1.3759083012220452, 0.6268973954428453, 3.3205595192975905, -0.5549762495029964, 3.318901963459817, 0.7137868940235417, 5.265487959056274, -0.40832421490675286, 5.054621417662893]
[-0.0056308451265751425, -2.098348691559704, -0.004154177062951631, -0.9999913713692382, 1.352610076983538, 0.22289030665547702, -1.542968416311085, 0.3192057579420805, 0.6975453708908389, 0.5359621476003118, -2.188141957552469, 0.8343945449866924, 0.5982434721166365, 3.3423412597254343, -0.5862626342394092, 3.321340172618621, 0.705052476039337, 5.334433795635447, -0.4435725580508703, 5.081686997836256]
[0.05551973694761316, -2.118590748774639, 0.012493615863104147, -0.9999219517355667, 1.258806587930639, -0.045546169281132864, -1.6174481424781437, 0.18821939569746446, 0.2899710858400884, 0.08011373833667497, -2.464821707823609, 0.40572146188091507, 0.5462068264984877, 3.3695214850969086, -0.6441626952268135, 3.3187391675117146, 0.6845528454108158, 5.390892648886964, -0.5219143796018434, 5.154590452560686]
[0.13247570443440015, -2.1191824611966164, 0.012025772577863015, -0.9999276877824244, 1.0765155641983477, -0.1370136690620717, -1.7179117835523923, 0.050295567565084034, 0.06628445409541601, -0.43346934275913823, -2.688592883973089, 0.17145289408694117, 0.5301050610208463, 3.701228773622899, -0.6908856579383184, 3.300819525927788, 0.6987314505154616, 5.4354563961714835, -0.6074080481965929, 5.251274085045782]
[0.17462390917944884, -2.018874246687867, 0.04502349269438483, -0.9989859283821763, 0.8936385799065818, -0.4282192024069519, -1.7513847440319674, -0.09701234040861761, -0.21866808598165968, -0.7674884966929095, -2.743991055030066, -0.18595856605133276, 0.39290596068968314, 3.3321789050134525, -0.7245234402718762, 3.185410429167016, 0.7648927424837162, 5.263680973616816, -0.6564704992426789, 5.169637325735161]
[0.18218469584647606, -1.9085493785646623, 0.08124393659344582, -0.9966942473832184, 0.7500851706125437, -0.5589801912186053, -1.7123679807507337, -0.14735207326607666, -0.6021444768818706, -1.0011049244162051, -2.6653507263746734, -0.46056671607089134, 0.3547766750571358, 3.3949664841315648, -0.7475398828680274, 2.9917278636678555, 0.7050193620120208, 5.117227403627918, -0.777802679950256, 5.0766406827449995]
[0.2573644030924083, -1.9027195508082686, 0.10103677370355992, -0.9948826917579658, 0.5985809661983463, -0.7473738317524528, -1.7363941339801685, -0.23223808496016157, -0.7312804594125261, -1.1722760122648435, -2.7004866872393567, -0.6203088695586382, 0.32463113979853686, 3.431507687726436, -0.7867785536105897, 2.968674884635748, 0.6988865319865696, 5.173636874614899, -0.9050627479903194, 5.137464096510845]
[0.2304172430792197, -1.9010677448155922, 0.14403146865899907, -0.9895731079793608, 0.5134272224813446, -0.7874293229977622, -1.8271376977094556, -0.37552281693262596, -0.7594405125231865, -1.1906046073918242, -2.793111094882434, -0.7702781677225392, 0.25888822483661034, 3.405259521393329, -0.8411045511500335, 2.9168999008385432, 0.6430977737088726, 5.144773250202446, -0.9958972711661863, 5.106565549703449]
[0.28344458408288115, -1.8890480262379592, 0.14760157045071665, -0.989046903033664, 0.48485344067299774, -0.8077835594765524, -1.8848732193649924, -0.44799716168800585, -0.7657746464800949, -1.1974131718613341, -2.89853457108687, -1.0930496485629437, 0.24350255534962184, 3.3940423301194884, -0.8500487514586178, 2.8946076501736324, 0.643142053709028, 5.145750562680928, -1.0298035862745276, 5.101857659385429]
[0.30120525072323157, -1.8868344698089632, 0.1430509294633834, -0.9897153285564805, 0.4906263983393706, -0.7936386218476178, -1.9083982237411434, -0.4706087385567248, -0.7401275162305585, -1.1860304265870585, -3.0537806079949887, -1.2836907066052752, 0.24252052906931554, 3.438067619061119, -0.8498791543299062, 2.894608706103074, 0.6557041920204556, 5.176587551728675, -1.0206155795603846, 5.1196937280026615]
[0.30734239027727034, -1.8823300489823338, 0.13144547854575936, -0.9913234014033343, 0.5321525495942563, -0.7044289653556487, -1.886215015001772, -0.48385982817134143, -0.5025324473277852, -0.9759321404899808, -2.877186417405616, -1.2032527663464565, 0.19710826753569632, 3.1315141426394595, -0.8399130958956026, 2.8608708734370363, 0.7485081476153643, 5.0878701650553015, -1.0051382932254518, 5.063831436791663]
[0.3020865336741538, -1.881564109294345, 0.1306200626574718, -0.9914324985753484, 0.7512614630868377, -0.42235287095390395, -1.8884069140784638, -0.4432949424612641, -0.6230793416403897, -0.8287268770342265, -2.7216806468986143, -1.0191651297118598, 0.19738455152190376, 3.13085482395713, -0.8720437387024196, 2.9320696405265436, 0.774067453998923, 5.1153482122168015, -0.9684611457451364, 5.062523232482848]
[0.314540681205126, -2.0866840860367084, 0.10429484308289959, -0.9945464220971858, 0.858750858529371, -0.31287634519210245, -2.0019645520070273, -0.45877039727152574, -0.5511927570810705, -0.6570541743266396, -2.7489309680437803, -0.8590350373872713, 0.2558660146714432, 3.3028677851452772, -0.9053240104457065, 3.1075136361797253, 0.837082144178202, 5.438062090971248, -1.0281740114548539, 5.363703203915098]
[0.21533887584813535, -2.124469696413324, 0.09221379777206584, -0.9957392306725956, 0.9813809937717105, -0.06490105635649854, -1.7950239599658608, -0.23846836645543987, -0.0685735927870325, -0.20908518573801313, -2.537121444860012, -0.4788671484496943, 0.2809211682468873, 3.317381857223305, -0.8959631818866173, 3.1432694250838518, 0.797429420878093, 5.461583879526941, -0.9828463063734738, 5.375392989544584]
[0.1759105144509614, -2.1288844927229933, 0.06980001405165696, -0.9975610046700845, 1.0827196917596065, 0.18573465871225617, -1.7558901971320564, -0.19477271862376153, 0.14467860029249469, 0.27038967987096235, -2.4571863311251274, -0.016143645445848585, 0.31435085052687045, 3.330029168412833, -0.8630314437453049, 3.1454248920630534, 0.727419861202015, 5.432923094048254, -0.8225113902997181, 5.296907681752483]
[0.13567408340690376, -2.1242373858675254, 0.04357829914600309, -0.999050014685722, 1.1049613771877305, 0.31089207821714177, -1.6689317850728496, -0.020714151568778993, 0.2737459074491155, 0.6600070998849614, -2.3053385258932813, 0.20281005848164477, 0.35873021155775986, 3.3384231530894897, -0.8131338076016588, 3.182209942537099, 0.7205453512880441, 5.3816422638055155, -0.7498281646668116, 5.241715814371116]
[0.0874331332943197, -2.1135692859483637, 0.02591751121629787, -0.9996640848866948, 1.0924109795106958, 0.4293060707764209, -1.6189085256048503, 0.06952092658328204, 0.4347216564640531, 1.00695688928788, -1.7927723957000206, 0.641834446397511, 0.40353052032006037, 3.335479011989132, -0.7462747653555891, 3.2650312959252257, 0.6875802209003143, 5.3234155604511715, -0.7334360667871326, 5.2082356879613965]
[0.05139185382238724, -2.085895913880982, 0.009531123518098813, -0.9999545778106537, 1.079881181139799, 0.539204085251671, -1.5319002466897638, 0.2558517865343525, 0.5402618191153321, 1.239986308555242, -1.5811763723215884, 1.0601066760570477, 0.4601811633395874, 3.3322733117237937, -0.6793905101231509, 3.310626189476585, 0.6602653415524659, 5.265022402656181, -0.6743313914961176, 5.157424360294557]
[0.028396316817202887, -2.087138638351911, 0.00855645872205819, -0.9999633928370267, 1.0615486277408168, 0.635037149026786, -1.4672582197349766, 0.3764134552079779, 0.6450386570928731, 1.4978106131613078, -1.3508092110881913, 1.3937800623307026, 0.503638169525273, 3.3511842457896774, -0.6488188699565266, 3.3357187616540203, 0.6614469341074621, 5.250087454070791, -0.6582360228078241, 5.127246113593716]
[0.0005327375667050153, -2.07104076152561, -0.004371912152205029, -0.9999904431464, 1.0519976111540752, 0.6892936575987806, -1.3533313409241583, 0.5427859793635855, 0.6060312806563937, 1.7948686657581703, -1.1893125000920206, 1.5971643066991768, 0.522958273891011, 3.335139557187924, -0.6217913887662866, 3.3200043549606075, 0.6682309336898653, 5.208822434378967, -0.6220039934349729, 5.094192601987538]
[-0.029889384991014636, -2.0730658969778086, -0.01325494116924471, -0.9999121494084368, 1.0311589025126402, 0.749405625371649, -1.2865202644088334, 0.5989851860185298, 0.8355853440210558, 1.6770421183060904, -1.0891306916386652, 1.6124495173207811, 0.5503161299639439, 3.270662341331124, -0.604063357788947, 3.3260616373378014, 0.6427100161121513, 5.1712577151598715, -0.5756951708193272, 5.079072046503271]
[-0.03327523316318624, -2.073528180101534, -0.013779307472531727, -0.9999050608360663, 1.034066363487063, 0.7678128041129083, -1.1409855109786469, 0.7404644484521482, 0.8552843283736238, 1.7228803226487819, -1.0183543429742359, 1.7016971688938356, 0.5663051756228348, 3.295172547531602, -0.5963244079376577, 3.5886197923647702, 0.6590499286582795, 5.160063423702786, -0.5709198666632361, 5.110188535847373]
[-0.050322899899314634, -2.0731945026681653, -0.01628366026006724, -0.9998674124145335, 1.042950675297182, 0.787964198057318, -1.0768573808704958, 0.7708841160013499, 0.9105324530409762, 1.7704112831001373, -0.9725005115750952, 1.7575170497354908, 0.5891339417134079, 3.3303168117057993, -0.5782281257520557, 3.599304363626761, 0.6626052832039695, 5.1572524025357085, -0.529699005903592, 5.099955165240232]
[-0.06337989819463548, -2.064785941049018, -0.022802966054867264, -0.9997399785639767, 1.0595953912926093, 0.7866505503778265, -0.9717562968677058, 0.8482175054399369, 0.9833577249898072, 1.7432165827877713, -0.9545781976788467, 1.8454082953783977, 0.6051499251376474, 3.3360581898604718, -0.5562553441746706, 3.5987213677786887, 0.6830060548805071, 5.128893300343736, -0.49528553394481767, 5.086543367770054]
[-0.06556506451154546, -2.0598686572742553, -0.02538386466259752, -0.9996777777938203, 1.0702788157354597, 0.7898077597491909, -0.9479279962317178, 0.8621648764135182, 0.9958485554589758, 1.7441976564989399, -0.9442359072943151, 1.8620063894038856, 0.6159862485137465, 3.3417261850632705, -0.5493609428630105, 3.6033530859294443, 0.6844314164767413, 5.112926242921882, -0.4639312320524388, 5.076909994420844]
[-0.07002067368730724, -2.0491424903896824, -0.0262520964370833, -0.9996553543260088, 1.080340600501457, 0.7950444865968624, -0.9387410140901872, 0.8699243419938645, 1.0042960659626825, 1.7518317658172011, -0.9420338177512658, 1.9408841949188937, 0.6245246544662932, 3.345768093023936, -0.53485068820564, 3.3440127374200452, 0.7017004394147023, 5.0859411692718535, -0.4288675619440078, 5.021620863074046]
[-0.06753233838730119, -2.046102400795325, -0.02488905376124502, -0.9996902195194619, 1.0927161510383672, 0.7988064505412893, -0.9375321035527086, 0.8775581910707182, 1.0103978915273357, 1.767715234784806, -0.937730374178521, 1.9519187662104271, 0.6370519309730673, 3.358865518840329, -0.519139480208056, 3.608759068145334, 0.696164384690585, 5.083134531731854, -0.4252338532235056, 5.095663023521572]
[-0.07261847106307567, -2.042852943879064, -0.025961319652368448, -0.9996629481389753, 1.115574536709793, 0.7973021252103272, -0.9403258031078555, 0.8900409762073608, 1.0160447690606351, 1.7807282940425797, -0.9384823564737085, 1.952668464291767, 0.6505808864493086, 3.3697464772756307, -0.5136186007944864, 3.3885854113239566, 0.7134702023366088, 5.079354665368725, -0.39449097643959113, 5.033870977104911]
[-0.06557713610272417, -2.0440444475231017, -0.024889736172834704, -0.9996902025293868, 1.1327038399562381, 0.7998726369046891, -0.9562596852922931, 0.8792092946132484, 1.022516919294688, 1.7881600038666092, -0.9476471918371638, 1.9768747154166835, 0.663365154965859, 3.3818922540414817, -0.501649263675653, 3.3974521613785695, 0.7390692454006706, 5.080794551203528, -0.38010842378282866, 5.045113051934193]
[-0.07684038709685295, -2.045638208903076, -0.022651232770903966, -0.999743427912361, 1.1455747524954762, 0.8011399038850546, -0.9745485871110703, 0.8766108129998779, 1.0061195635777858, 1.8199144562426777, -0.9872868036889386, 1.9670996903144458, 0.6669554779574549, 3.3882030687296094, -0.49830710150950513, 3.405046441395924, 0.7383105035913025, 5.091559575431872, -0.3750093526209196, 5.05646135702432]
[-0.0744797946795654, -2.04157764208932, -0.021784757691135123, -0.9997626840067289, 1.1510305713272921, 0.7982448556630961, -1.0332974893233737, 0.82750413860071, 0.960096386239941, 1.8582760255416455, -1.0642727392207263, 2.0073679760087892, 0.6616967680984243, 3.3835248546617636, -0.4959193550487157, 3.4038840665634402, 0.7442811710884725, 5.088058857859201, -0.3749247449351006, 5.054430745618766]
[-0.06740237722376248, -2.0425691629933906, -0.019696911094847096, -0.9998059970280844, 1.1754585115530924, 0.7424762595791541, -1.0768715061895788, 0.7677862864047285, 0.9869340960720212, 1.5736517780304486, -1.2058773875899518, 1.952707956540613, 0.6561842163533116, 3.3751785835013766, -0.49150476156378897, 3.406206297048242, 0.7487202376363579, 5.0938059884634965, -0.38758857168360966, 5.061744013351688]
[-0.039831358800638754, -2.042127228439779, -0.014133340947657277, -0.9999001193487563, 1.2069466673833278, 0.6545962247349535, -1.1948759031826066, 0.6555922343393531, 0.9842390170137452, 1.3924169286123818, -1.3782179752954207, 1.7426251439221274, 0.6401238267856593, 3.375480914992622, -0.5047130784075868, 3.4116107124064903, 0.7523457381267953, 5.1239944403231865, -0.40248252367304854, 5.064960999450795]
[-0.013719811979560395, -2.056042437665343, -0.014681381736563621, -0.9998922227071803, 1.249953520131908, 0.49684113530121193, -1.3561558006570558, 0.4707407896571807, 0.9177649711497518, 1.2080286586133413, -1.5980905539754646, 1.4527041398108986, 0.6252705450741423, 3.3966823283387755, -0.5271009202553048, 3.4303539082871337, 0.7670017374939478, 5.205751937029034, -0.4260086159320381, 5.101785559776509]
[0.10474415682449996, -2.061383409657671, -0.013335349038154557, -0.9999110802796569, 1.2657777769784695, 0.4197575901894962, -1.4420491376975006, 0.3488855355463645, 0.9376505010899135, 0.8567714189984073, -1.8951223866347844, 1.1239772390896972, 0.59121005244638, 3.407129119270296, -0.5669455224318181, 3.434383757424505, 0.7632804501118198, 5.34024586062997, -0.5301944839947921, 5.194373630168513]
[0.1411471113549652, -2.114619271513897, 0.01772042993032505, -0.9998429808540361, 1.4616479489608416, 0.24759826070779037, -1.62392093484239, 0.18805862830660988, 0.8884100664458797, 0.42661516916789227, -2.1914006029022497, 0.5000784204959967, 0.5320132016957392, 3.459858346704952, -0.650412263967675, 3.471365915602899, 0.7301279911041344, 5.5049153504541275, -0.7606976833381586, 5.427976185012074]
[0.2210060515254306, -2.170821761202068, 0.053688362912745535, -0.9985577397866131, 1.404442942038224, 0.29717766878735896, -1.835589933706806, -0.1349734391303296, 0.8276008075701983, 0.06563242879053689, -2.668817977833413, 0.19338568241338638, 0.4735676777011158, 3.5243365637765494, -0.7846888041296497, 3.4489208117559818, 0.7531125789074359, 5.693719213012558, -0.9231582695383027, 5.6354174227247436]
[0.2693350907350126, -2.2147086067312114, 0.08479322238722176, -0.9963985695680173, 1.3766053522686315, 0.24092079863362387, -1.9519883854535587, -0.24574217577359916, 0.4728685773777768, -0.31700786138715165, -2.9282407795108383, -0.37122349027787094, 0.41042574522082376, 3.582345009750319, -0.9010744330672722, 3.46689610171281, 0.767184192019281, 5.857316255670404, -1.1525924594282961, 5.8200912009121515]
[0.34713527788113985, -2.1039717403590084, 0.1393355731137517, -0.9902452211775943, 1.0848719987185773, -0.47474514986229605, -2.0023309292456966, -0.4401571414308158, -0.35591858623012795, -0.9259216472410875, -2.912822337737719, -0.7809618422219904, 0.29041589866998285, 3.39006765465628, -0.9710850876876507, 3.2996719333934497, 0.9030965457236049, 5.753594194800002, -1.3205173848042806, 5.70363805150029]
[0.38962158323724405, -2.019464184176065, 0.17584055539783056, -0.9844186604678836, 0.959576791726141, -0.6204790551091313, -2.045576579144214, -0.6101191576510168, -0.4976192858175691, -1.0453997212681958, -3.015000861924162, -1.1008393429347727, 0.19164924657447618, 3.3084050047321742, -0.9897002939431151, 3.171784113988767, 1.1586942622354741, 5.538691729776297, -1.527307813831234, 5.593302431843452]
[0.3848212224625518, -1.8913378134347243, 0.28758526065021434, -0.9577550406323886, 0.8455391453897508, -0.624556589222894, -2.1737357609772707, -0.7541176205049237, -0.3649275297291395, -1.049413420069276, -3.1784420420304027, -1.4355187134838379, 0.04311419267243368, 3.1577756846188887, -1.0824342150795792, 3.0315022072634608, 1.0877704343937575, 5.224915471834178, -1.6923856633101593, 5.338608901783538]
[0.432464773193385, -1.8801277092575397, 0.3027254043521744, -0.9530778192570702, 0.8226016135871582, -0.6538559808926422, -2.186282569937337, -0.8842555654628013, -0.4588763287969347, -1.082457012695414, -3.358889067077525, -1.8148043797737825, -0.01986713994805959, 3.0858250303015335, -1.1193679392170195, 2.9901295368190888, 1.1649593361938255, 4.971983293145576, -1.8370594207721642, 5.183928568708966]
[0.7235289115783308, -2.485639691793542, 0.25937523364275206, -0.9657766243665085, 1.2140961269473514, -1.125871283430817, -2.7193365964767695, -1.5747049800093982, -0.4569238226902025, -1.6840810305227385, -4.18716271530504, -2.8293819967447047, 0.09050190100839098, 3.723632841783086, -1.305485584124563, 3.555556614141533, 1.7371687367098716, 5.890630612211019, -2.291342453248068, 6.343435010765002]
[0.7375814158616245, -2.4475879699117473, 0.2607461987862223, -0.9654073854174391, 1.2156226387433753, -1.0511400844113874, -2.659403693346838, -1.5892657452482277, -0.4410008594309985, -1.6624613457917767, -3.9619439332830724, -2.854957604927465, 0.07950546953446282, 3.686169328468117, -1.2786421621151558, 3.4923784445510737, 1.7372051748504587, 5.664151357998273, -2.294698943235257, 6.22141105217033]
[0.7998015926444528, -2.4379508257925355, 0.23593059162554958, -0.971769908947184, 1.268450282504054, -1.0074368869213335, -2.4767392900395158, -1.622504867809766, -0.3685437353489395, -1.6069605629579027, -3.734802763017899, -2.849176234275856, 0.19229383823898288, 3.582634529920038, -1.167028464687873, 3.352389993914352, 1.9362295658574908, 5.373628803271376, -2.1917302355955512, 6.0219646366082475]
[0.5746730621520022, -1.8863541311829501, 0.2662765744327969, -0.9638966676508095, 0.8964764618856057, -0.5476508137515674, -2.0544700737179857, -1.1307463196244358, -0.3964079336230582, -1.0058250935801847, -3.0483874207973725, -2.100227444732449, 0.07364104430523911, 3.070362973937336, -1.0203573188696413, 2.876482512262517, 1.5418187970604673, 4.397479675047901, -1.851033946751248, 5.030387535272273]
[0.5565746033770809, -2.0130583079670927, 0.20100902490003195, -0.9795893894427085, 1.0136228837027117, -0.4376176568858436, -2.077737692104426, -1.19244594841475, -0.27446828840531357, -0.9164753363360127, -3.0581845033822077, -2.041364118720938, 0.17001235839919895, 3.216879721229887, -0.9936443583751867, 3.0227312421161425, 1.6874181935089927, 4.753118586997875, -1.8995694662801672, 5.330557982503291]
[0.5447913469887099, -2.2476050086693076, 0.18280586539816765, -0.9831490301963517, 1.0458157988275916, -0.2187016483707793, -2.264079013402908, -1.0183991314979168, -0.33589759121809154, -0.5497969861045557, -2.9183994051086346, -1.5617594420483585, 0.19730394286992728, 3.405279215610433, -1.0262274439676986, 3.240873830588161, 1.3589381482951215, 5.653602409387588, -1.7625915720693535, 5.759779967112632]
[0.4741131227313543, -2.1525944400069346, 0.1448891228757855, -0.9894478976036513, 1.3534920713880785, 0.1999143724540713, -2.137361548385248, -0.8458777429542579, 0.40480733348598863, 0.08650940770485033, -2.7961946254359793, -1.0109531326276255, 0.24126789830308096, 3.3923670791498775, -0.9522192109244334, 3.1686288880468174, 1.0056053124464535, 5.668419623720338, -1.3254663172668184, 5.5784014844540195]
[0.42423326124071586, -2.1673432003959414, 0.10059423534193067, -0.9949275349571809, 1.3541095954451763, 0.3629323534917657, -2.0691544692162442, -0.7195962784830074, 0.5253859628864297, 0.4573878463511729, -2.579207896371976, -0.5199791454076387, 0.2985519882325326, 3.4451522287485714, -0.893818703595082, 3.242468073033361, 0.9326815419118295, 5.5908196665901055, -1.0284727158767708, 5.478065439865901]
[0.3622066300243993, -2.1459957064054698, 0.07960722217515845, -0.9968263089312777, 1.2236546063025215, 0.4602413219855307, -1.761180959578038, -0.4159032154858045, 0.5521104318066589, 0.7812995009180719, -2.3567456355607868, -0.21708094334738468, 0.33184146154766014, 3.432947609984673, -0.8478478374381588, 3.2212766581046792, 0.799212903300822, 5.4421673068378436, -0.811764884477047, 5.328130295534515]
[0.2984876656653518, -2.16288482059571, 0.07098018714168468, -0.9974777255825472, 1.1399652151843325, 0.6010778705645311, -1.7620254566198807, -0.293795778813016, 0.5064237482467071, 1.1319387165850507, -2.133101114591131, 0.48795778070349344, 0.36676991310928686, 3.446983445904463, -0.783459546712367, 3.392542184890149, 0.6945936316410357, 5.394176314545672, -0.800517845871863, 5.3207886076489626]
[0.278368251911215, -2.4238517762772953, 0.04181786225831987, -0.9991252506048198, 1.2124046750457507, 0.6904738942066693, -1.9292770820342604, -0.07497309806491799, 0.6540242081755233, 1.552203092446066, -2.0806035822914386, 1.029584010810858, 0.4559680697725941, 3.6967857526757757, -0.8101747812161939, 3.6516118040486316, 0.7406248763853973, 5.773960594445217, -0.7787545746929361, 5.673765315249202]
[0.22464601866875616, -2.0499736726012516, 0.0170984578559487, -0.9998538106838161, 1.0427686038272765, 0.8195448591823372, -1.571150354592605, 0.254023689039123, 0.6134230000811498, 1.7357797634744385, -1.5396669092491149, 1.3823925946097404, 0.4329421372755339, 3.304928820204933, -0.6716198310383682, 3.3296360084683285, 0.6828261776608118, 5.099564583749694, -0.5999659878749298, 5.015780858329649]
[0.18513286494750522, -2.0471817809519357, 0.03271328074222935, -0.9994647773999242, 1.0411281112243027, 0.7754037060283009, -1.3952175374923015, 0.5170880896628215, 0.8479859096682766, 1.6579742631968029, -1.3153369100192882, 1.6740192319934994, 0.46125855603715676, 3.301169854902044, -0.6499458203972488, 3.3196632545850817, 0.6833723472266968, 5.053506041730447, -0.5338490107877164, 4.971136019894078]
[0.12480090200482465, -2.0428021835747847, 0.030112866728385153, -0.9995465047997509, 1.0114843028522915, 0.808504039108654, -1.1624362651263116, 0.7966495593943683, 0.8577720997224797, 1.741334044846068, -1.1113622669543315, 1.8834809651316924, 0.4858549625485992, 3.3029634418415195, -0.632014860877242, 3.3264629379670994, 0.6869532746866867, 5.016949095670415, -0.506685183495077, 4.949434142856148]
[0.10749132105108804, -2.030026359179954, 0.009725016419099093, -0.9999527109096952, 0.9866010475295494, 0.828287751172145, -1.0119410971352272, 0.8807731800061912, 0.8795916169236633, 1.7815586939977355, -0.9728982547941365, 1.9265907773849245, 0.512834765582295, 3.297435891409414, -0.6123380702914987, 3.271920951354651, 0.6840442021580607, 4.9874493234752455, -0.4761840479490193, 4.895280258183608]
[0.07806605940966937, -2.0229660553781947, 0.0055892433534072555, -0.9999843800573769, 0.9611551077525936, 0.8284918649416851, -0.9698848684885197, 0.8535736375793462, 0.890525523112767, 1.7831121601723816, -0.9610690275198769, 1.8710001149301925, 0.5227838252218131, 3.308044746372053, -0.5943978027542295, 3.2563228058469575, 0.6800508361441149, 4.97989863147451, -0.48433196856613037, 4.8872412571110955]
[0.05324371802683669, -2.02589066608798, -0.003836928432685152, -0.9999926389630088, 0.9649941751758602, 0.8377104658956112, -0.9585275552532558, 0.8587816024785531, 0.9088939463031248, 1.7959317803405646, -0.9537722454875512, 1.8713185757022994, 0.535600349804942, 3.3165318919010796, -0.5723801329732864, 3.2421590693112887, 0.6918500956195971, 4.968225942002925, -0.48257386044182743, 4.881318239186651]
[0.026953321192462524, -2.0250146662348114, -0.012075264339497127, -0.9999270913377293, 0.9702932287237175, 0.8415381536014576, -0.962376213496076, 0.893113766234961, 0.9063098014554543, 1.8330386951837767, -0.9538622515002004, 1.8837174552882072, 0.5455323859428289, 3.3188944555764546, -0.5469028589375095, 3.2724400447600206, 0.702774518184283, 4.961585747809668, -0.49051423580612996, 4.8845784217605335]
[0.007904484907622529, -2.0304004562436684, -0.016084328343965826, -0.9998706388237047, 0.9817987902260058, 0.8481858202580778, -0.9936179332071258, 0.9048449929190793, 0.923013644234703, 1.7957069246299249, -0.9741510412012421, 1.9032582977469186, 0.5626196453949742, 3.3324775496549086, -0.5329954578824013, 3.299373069656483, 0.7198213007803591, 4.969973715953759, -0.501011122779747, 4.897748764678731]
[0.0018183449408856656, -2.031829638092487, -0.020427734281870485, -0.999791332064901, 0.9981068199933101, 0.8443653691760806, -1.030151362201368, 0.880494145370689, 0.9378789229542329, 1.819396032793805, -1.0299609412382849, 1.9723759175784108, 0.6444959106053026, 3.525671538075411, -0.5164689010238274, 3.315411287817336, 0.6854423138349388, 5.026978577539571, -0.47371322435046603, 4.9013182615237305]
[0.00017762247827729424, -2.0344641613405443, -0.018062274974776662, -0.9998368638046586, 1.0140610512526986, 0.843682874796372, -1.076263693253298, 0.866268635475066, 0.9724645314825777, 1.7839165409217483, -1.0864540808849255, 2.032845525754584, 0.6259276479252971, 3.339671522012022, -0.5029085192918836, 3.3315836880202534, 0.7159780968101138, 4.985935059728715, -0.4606134594906378, 4.916753076836155]
[-0.0043363951531379535, -2.033850434366029, -0.019044203716014053, -0.9998186427071776, 1.0485229631145663, 0.8223667136019105, -1.073922260850205, 0.8694633864614507, 0.9824675942308423, 1.7585828400013777, -1.123841719439266, 2.04031318753766, 0.6385518881812868, 3.346332546401178, -0.49115566477607236, 3.3514770318848517, 0.7429591228030291, 4.987547190006309, -0.44253549837694983, 4.9358686214185115]
[-0.011716648125426716, -2.0331268868867705, -0.019888053880348262, -0.9998022130965966, 1.0794478927666622, 0.8097336531590132, -1.097204731164371, 0.8397883063821192, 0.9827661080953878, 1.8035357751693308, -1.225101677569309, 2.0271977502669642, 0.6450340889470093, 3.347547156364969, -0.48331598123408537, 3.3566997410348502, 0.7463307084012968, 4.991427996700044, -0.42250954029415555, 4.944805076651862]
[-0.014083542873797813, -2.0338470077083124, -0.020236681385870908, -0.9997952173952858, 1.118246674029629, 0.796707198630585, -1.1422789865975544, 0.7963983810923271, 0.9747665094028799, 1.835381389062627, -1.3330045712001766, 1.9649250993663017, 0.6472458515320477, 3.3495018589530208, -0.48205548648093977, 3.365804520526652, 0.7507652913771112, 4.99500217585441, -0.40684738282033445, 4.947012528404128]
[-0.017495269253815865, -2.03687800615197, -0.022572168995808613, -0.9997452161360036, 1.22991731719744, 0.6495839559981915, -1.2313563462788182, 0.7478240560560347, 1.03506701116723, 1.5752551660016614, -1.521682530202662, 1.814443058490819, 0.6313563954338821, 3.3284372442273473, -0.49178015235647216, 3.385551308308887, 0.7633063322404511, 5.016202967068415, -0.3952001557953683, 4.965400321478456]
[-0.019581513016322504, -2.0396271886955377, -0.02357968008701594, -0.9997219606905683, 1.280761703443612, 0.5853107527325137, -1.3202352245594906, 0.5325707519795492, 1.1100468034835185, 1.2609892360151518, -1.6952821455050402, 1.4969880251915209, 0.6328295933050697, 3.3466766591468162, -0.5021452330309247, 3.3411530242166214, 0.7657761444084755, 5.041776416639207, -0.37529365976103984, 4.972106213811835]
[-0.013846496456097038, -2.0469991194691826, -0.023551788738114632, -0.9997226181532731, 1.3775878370399592, 0.6147348718538387, -1.4215460585280613, 0.40471357075001413, 1.1080343264294954, 0.9806590575630508, -1.9417169511040298, 1.224079825174208, 0.6319290417891456, 3.368247913117949, -0.5127478895394495, 3.328714533148191, 0.7563971113016137, 5.078657013087617, -0.38591464998787217, 4.982289020424945]
[0.010576814731722924, -2.058136157803531, -0.01954786981784548, -0.9998089221374175, 1.466102179308917, 0.43690941635841146, -1.5078334609608903, 0.3092278472639895, 1.0466090904310776, 0.6801612913515939, -2.1256211899244786, 0.7172325959278134, 0.607078363833413, 3.403250841508609, -0.5501558616268332, 3.346317021557212, 0.7475087358614251, 5.15677665598682, -0.4192896783995341, 5.0260690332404705]
[0.07664321892882887, -2.0899868534765202, 0.009865590038734334, -0.9999513338823983, 1.3048711491586853, 0.4656539739967537, -1.725766010534463, 0.02499424519257597, 1.154800358522382, 0.16236116297336375, -2.47536717511354, 0.45571009572280285, 0.5546089053465559, 3.439992268473865, -0.6190647089421798, 3.3938391295318056, 0.7239159537926951, 5.28212589188326, -0.5116208381950111, 5.112213261877096]
[0.15162385910759674, -2.1112937768515314, 0.023991638043881772, -0.9997121592258301, 1.2525664416896354, 0.41429654514620234, -1.7840770448742942, -0.055374398841034504, 1.0188850262718248, -0.10807159477346895, -2.692330000621941, -0.0960616154430953, 0.5141718335127667, 3.479063531945256, -0.6649299754202807, 3.3106405222285917, 0.7057887942550316, 5.398904416612325, -0.6039156034862662, 5.238671557519215]
[0.2732493365300165, -2.1114702417461673, 0.047935205160747715, -0.9988504473174135, 1.4407349546313937, 0.23988583797456098, -1.8665842561382395, -0.26707190548242865, 0.9067411155043974, -0.3439729479198347, -2.7753054663236845, -0.5011898484257712, 0.4321720342009221, 3.3504849507959613, -0.7233584277817816, 3.3384282322562386, 0.7410654819310373, 5.472016586143985, -0.7960802534244136, 5.4322598392443835]
[0.25097985090280106, -1.9457634490564149, 0.11292987579494297, -0.9936029605194113, 0.8811732456218304, -0.48568327878539075, -1.8383740167376545, -0.4454489608513783, -0.3554238846694141, -0.8673354337605508, -2.7618517112536285, -0.7652828114121558, 0.2891049561792547, 3.1351100968047874, -0.7828679095782435, 3.1254497730342155, 0.7514692828446324, 5.279263377243098, -0.9373311196098962, 5.25145786923089]
[0.3660378528371069, -1.8901520275590593, 0.12490709621104772, -0.9921684420077691, 0.8636256589132438, -0.592756785964156, -1.817720016977961, -0.5626216921998776, -0.5183488719558844, -1.0596118259953808, -2.754753937353338, -1.1052718126424212, 0.273962905882487, 3.1234393220793244, -0.8099642061012275, 3.073883501630098, 0.8313356708410278, 5.3055396977009, -1.0789095484600437, 5.303488278607305]
[0.5155102893287954, -1.8457565768288358, 0.13809160268359094, -0.9904194612729887, 0.7503062971114753, -0.724076104577879, -1.817013144334578, -0.7128959965548944, -0.34528202262194524, -1.0715777375349178, -2.988564735194348, -1.5366449052950535, 0.25314743185210536, 3.135070127037437, -0.8319441812008939, 3.06698651648667, 0.8721509985366337, 5.331928927165611, -1.2514952016660985, 5.32552685221645]
[0.595775075994828, -2.4115081492541246, 0.20372570680933696, -0.9790280059247722, 0.8173859428949845, -1.277640857757034, -2.432527780428235, -1.6399042775706671, -0.480873349231222, -1.6617280505272174, -3.561040634654083, -2.5369758553649255, 0.1955804104686704, 3.4275100583977007, -1.068664906161927, 3.2573137341763285, 1.1477080277069838, 5.979038513441578, -1.629352399511926, 6.041488097796402]
[0.7605492803923793, -2.22167363263838, 0.21668459709783813, -0.9762416634115488, 0.9788071962398212, -1.2067248844220373, -2.408923700659502, -1.6794536269034035, -0.3153586021065073, -1.6280023842254319, -3.487232156739553, -2.633538782663379, 0.1753778698163151, 3.4458444226929004, -1.0976567087893674, 3.2855400473062, 1.2608634444095057, 5.981196521337225, -1.789858606583477, 6.050191824416126]
[0.7945108093562037, -2.3545116704573443, 0.26729501129567645, -0.9636147450804414, 1.0686162060092457, -1.2078700518341183, -2.2978981405808394, -1.6345906936614008, -0.27598224069275146, -1.6981400464826033, -3.47325437825877, -2.8237472456107406, 0.15294955223243964, 3.5685299956454686, -1.1776724791520774, 3.3783028230491756, 1.310145057019621, 6.102333837321499, -1.9746882417354819, 6.236084655553421]
[0.8581651453336118, -2.3335743445654655, 0.2575930254237742, -0.9662535036174652, 1.1495354194470955, -1.072479372307066, -2.2651944529917842, -1.6778034635194514, -0.22466962502987253, -1.6732578480523415, -3.3872492711637374, -2.843466092394373, 0.14908405558356627, 3.602587503652845, -1.1784046105980244, 3.463130494072135, 1.531217408469055, 5.921138133093837, -2.035386084818654, 6.248278597694651]
[0.9559221948310198, -2.4366301967530877, 0.2647977219967571, -0.9643039803015064, 1.2442528685610448, -1.053791614397164, -2.5533919257744175, -1.9304807858556012, -0.20077642010157845, -1.7257799169230712, -3.4917100456119696, -3.0065944032120013, 0.17347287357991897, 3.7051799833212393, -1.2263790152413614, 3.553069603140392, 1.5962071705587142, 6.209049100906605, -2.0892553317109046, 6.442791732357611]
[1.0009274184284995, -2.44148160297299, 0.22840683778924792, -0.9735657740754429, 1.3377861222477474, -0.9478026615072674, -2.524783718122996, -1.8958483765100584, -0.13209691999739698, -1.6605430535513528, -3.5696266972435664, -3.005793815667274, 0.1913772116486303, 3.7598888834631854, -1.2073660070422532, 3.5889660904629084, 1.71241584413283, 6.254280882674813, -2.021686951280002, 6.515849718650798]
[0.7215543597729923, -1.9744041020000538, 0.30386157452167595, -0.952716192540679, 1.019147084515136, -0.6274154207239045, -2.206436938083313, -1.1881724365025692, -0.3783959445737395, -1.2425017754773935, -3.286641994266985, -2.289475010692828, 0.06861608083082558, 3.2738378839615487, -1.1166947033910992, 3.0965914544436526, 1.3441271064160922, 5.359834317106067, -1.7943082498979706, 5.568482364803764]
[0.5945995287736667, -1.869960737930599, 0.2786856194180497, -0.9603823850579403, 0.9242089581750146, -0.3433363273724086, -2.042431634569471, -0.9958815326875258, -0.41047567322771233, -0.9778279234572911, -2.980010015340716, -1.6934041041812715, 0.09877806518786102, 3.064690410208317, -1.0253416375015276, 2.875806759848192, 1.2364114937805413, 5.010725759318544, -1.6577869527726004, 5.187147182498578]
[0.5803104618185024, -1.989873926760262, 0.22073291267365105, -0.9753342920571421, 0.9143582010454319, -0.08730608225831722, -2.005277156207382, -0.7400989701154024, -0.3898033947585702, -0.7219856638154032, -2.8560577990381497, -1.1423678466811202, 0.14801791839993117, 3.2233557791491223, -1.027753471288922, 3.012908452249931, 0.9145123645686161, 5.453564613940058, -1.4882505349940731, 5.390077991130832]
[0.49494691481763237, -2.126088062326142, 0.15942704146332018, -0.9872097135108897, 1.0776921865066253, 0.23196100394413674, -1.8055394062865624, -0.5303435322698632, 0.13265834927744427, -0.13486168231572115, -2.781323197487486, -0.7562544989488672, 0.2237422713812089, 3.398821993518247, -0.9980526689993748, 3.18227269811498, 0.8582075438631107, 5.641583943356428, -1.24577536194345, 5.523204733246985]
[0.4577706867355174, -2.0632720045238937, 0.11984911783897939, -0.9927921176929329, 1.1412234127480514, 0.440708810664129, -1.7412994826032462, -0.36210375818612817, 0.4098197646752485, 0.35785050330861734, -2.669490080445942, -0.005557556384840145, 0.2704067879662221, 3.410173258638799, -0.9424263332775645, 3.23356454439587, 0.7595543652228949, 5.516497221952335, -1.006985634734384, 5.370039738621522]
[0.3899773544080599, -2.0988933912992476, 0.09042147913900728, -0.9959035877585309, 1.0796814249728763, 0.5007757195331455, -1.722681789644403, -0.2081678951254865, 0.36184495124365273, 0.7315193298907244, -2.31256252293154, 0.3272647076672664, 0.31110617403559815, 3.42948744583236, -0.9038265615738466, 3.263293014558072, 0.6819316407497065, 5.413846867287939, -0.8155809100420518, 5.26270006776332]
[0.34961397022836643, -2.0783483759236736, 0.06030930081472549, -0.9981797374397254, 1.0563815568532529, 0.5901862637733306, -1.7122943971510076, 0.14169823185128713, 0.6936016140514701, 1.0689508279854993, -2.118855088966341, 1.1076035113845015, 0.3571026709650696, 3.395056947885829, -0.8224131237665879, 3.3146137238775393, 0.6478951898606417, 5.308854701746647, -0.7507140700442838, 5.188600866799858]
[0.2607325367468674, -2.0863821940240967, 0.05423919972331381, -0.9985279711722523, 0.9851460040223501, 0.632847561213437, -1.5643002597772298, 0.31824298698392983, 0.7567433151515056, 1.3209580157998504, -1.7835773006557705, 1.4341771381507133, 0.37853089325075023, 3.385347478511348, -0.7621657978411421, 3.3406181322717283, 0.6233699436362383, 5.222066632677762, -0.6609647074430373, 5.058684168481812]
[0.2225068291185139, -2.059130982297036, 0.040877207351408915, -0.999164177660083, 0.9735498940520428, 0.6540708992604689, -1.3742939724942853, 0.6462151407988627, 0.7700279520469051, 1.5224430881800306, -1.4408006054328721, 1.8090278222977199, 0.41713701271512904, 3.3382055179645214, -0.6894701183232108, 3.323233475123869, 0.6716490265497432, 5.07157693658013, -0.5883280609725554, 4.971541548281923]
[0.17731478732205397, -2.0379231362205745, 0.029649847831298027, -0.9995603466142406, 0.8902924094631208, 0.7731110842894563, -1.1527723591576524, 0.8087070437884164, 0.7871918770185428, 1.8127682219654162, -1.1441363055993639, 1.9568956576064358, 0.4500841348879849, 3.2741220329260727, -0.664381670831722, 3.265815130678215, 0.6579819762590786, 5.001498387970703, -0.5357746214184058, 4.9002296025173315]
[0.13429906610581688, -2.0234240795678127, 0.013117686621104201, -0.9999139594473669, 0.8759493572595095, 0.7985478995430567, -1.056081197671136, 0.7937776238014532, 0.8581837974366235, 1.7344155214887285, -1.0042654603708758, 1.9850114810363249, 0.47137611239790905, 3.2737886728833354, -0.6603879736293434, 3.148645065475766, 0.6567973963039058, 4.969788174791823, -0.4721092070937487, 4.8103324105034115]
[0.10384971133118812, -1.993036099921101, -0.009870032219150615, -0.9999512900456666, 0.8629008452524273, 0.8238243239505405, -0.9614131071462682, 0.8143045387000458, 0.8848948436631661, 1.758420559963242, -0.9492268666805422, 1.8426139230197063, 0.498700966084485, 3.2565421487542383, -0.623803360096809, 3.1329543649098004, 0.6528431833713798, 4.917674933675636, -0.45750512728338233, 4.761070356665816]
[0.0775787764253257, -1.987634894149204, -0.030039743391340287, -0.9995487050749364, 0.8587007493252801, 0.8544022671148648, -0.9519906781891758, 0.8234344781856816, 0.9098233287389847, 1.7966805790319247, -0.9424560107663406, 1.8488130526177085, 0.5231468650053337, 3.274126327810551, -0.5891086097717584, 3.145608100207612, 0.6534776943699326, 4.909718504752859, -0.4534717459248179, 4.761403330345497]
[0.06887477780334443, -1.9876547565056875, -0.04142815574641561, -0.9991414854320937, 0.8685150670112628, 0.8739295898207079, -0.9636969596402746, 0.8702362938693214, 0.912649473701109, 1.9480917532929793, -0.947534850873731, 1.8576459663047724, 0.5486371633863498, 3.3015431713082144, -0.5480189427756809, 3.16680053797203, 0.6540191748389024, 4.930693635579289, -0.4714375407374325, 4.787454859567847]
[0.043640196495489794, -1.994413969325933, -0.04232151699665639, -0.9991040432302843, 0.8890628474581916, 0.8939389159419897, -0.9867495980730703, 0.9314250188312906, 0.9336871505116361, 1.965972578171611, -0.9756083160301405, 1.900767737919301, 0.5746191712180101, 3.325947818217221, -0.524248152781816, 3.1962057160797777, 0.6865370234888674, 4.96205184725177, -0.46793640544448223, 4.818812810333727]
[0.038043806001279934, -1.9972021515365648, -0.039513850813185675, -0.99921902283429, 0.9173370066749521, 0.8903000418901663, -1.0186795740988028, 0.9342474421952668, 0.9541415552088208, 1.9620594121133716, -1.0014729270249825, 1.9575158667117956, 0.5957151918878759, 3.33867361502847, -0.49154904581020314, 3.3084710848123753, 0.7166894381062799, 4.969959854959545, -0.4822615369577482, 4.860001205473677]
[0.02609880870365482, -1.9983878892373315, -0.03476089483029046, -0.9993956574803583, 0.9348698714747518, 0.8902990412955625, -1.076402079703255, 0.8910735603958847, 0.9640016159026482, 1.9584315927714588, -1.0493216664342664, 1.971590594609482, 0.6044046581076779, 3.345506523736295, -0.4874716765383962, 3.307041669608602, 0.7261760905790929, 4.9727411400978525, -0.4714878958390056, 4.86990016469013]
[0.015241593339507562, -2.0032520309660264, -0.03185760258953191, -0.9994924177587579, 0.9602613407650402, 0.8739139954035878, -1.09026087250437, 0.8740743900993453, 0.9653403491067161, 1.9445365828544874, -1.0947118647200853, 2.007966857241515, 0.6139179365444333, 3.3525680915566536, -0.48732846696132576, 3.328451317775569, 0.7361321632765804, 4.980341303671153, -0.42746475399634315, 4.86446646174777]
[0.004750893941826649, -2.011561064863254, -0.030608498648032077, -0.999531450135769, 0.9804549088469672, 0.8752026399812084, -1.0846246064662926, 0.8756355236262366, 0.9964141419496582, 1.8912845750100726, -1.1116813071407323, 2.0319669109082343, 0.6287677333058629, 3.3630029281538563, -0.48276695410549963, 3.3456485315899034, 0.7470107428788235, 4.995435565026295, -0.40692961692928964, 4.8843277017371785]
[7.80762525719297e-05, -2.0123104292143363, -0.028859436789845094, -0.9995834797095102, 0.9927466138097408, 0.876372785082609, -1.083681450607324, 0.8696409714155513, 0.9976781279785757, 1.887807350167589, -1.134333173815968, 2.015989999384237, 0.6338810259660576, 3.36181301908053, -0.47812885037309233, 3.346341169158985, 0.7527193261465818, 4.9947862134533745, -0.3951691087223571, 4.883797833007939]
[-0.00141961459113541, -2.0134728441974876, -0.02747522109145162, -0.9996224848541453, 1.0098507735495874, 0.8694428824823492, -1.0822664914588496, 0.8671755776101153, 1.00949615573927, 1.8156934744134887, -1.1580560277910716, 1.9872381110753892, 0.63125946609917, 3.358431195585881, -0.47473340059282065, 3.34495851126038, 0.756466421162167, 4.993722631496116, -0.3827934668612599, 4.879397985785545]
[-0.00141961459113541, -2.0134728441974876, -0.02747522109145162, -0.9996224848541453, 1.0098507735495874, 0.8694428824823492, -1.0822664914588496, 0.8671755776101153, 1.00949615573927, 1.8156934744134887, -1.1580560277910716, 1.9872381110753892, 0.63125946609917, 3.358431195585881, -0.47473340059282065, 3.34495851126038, 0.756466421162167, 4.993722631496116, -0.3827934668612599, 4.879397985785545]
[0.0002567785802767148, -2.020857304855705, -0.029104494363254414, -0.9995763744746368, 1.1474577127788628, 0.6928209520310897, -1.1703868680499896, 0.7329243732507325, 1.078021250785923, 1.5430553302444714, -1.3676208430358772, 1.7964753275875938, 0.6342660083202565, 3.361425768208681, -0.47463845037785335, 3.3757820699303474, 0.7702282754300506, 5.024009941420334, -0.38263254659781143, 4.90252916588322]
[0.0036394131894004664, -2.0269984119717868, -0.03098120431627955, -0.9995199672738473, 1.186667456608858, 0.5842196729190833, -1.2482344758911545, 0.624934612448606, 1.1354239880538652, 1.2419837086408867, -1.577398772300344, 1.5290694044222983, 0.6339017258794873, 3.378385538580148, -0.4844074305603711, 3.395513402879336, 0.7652609758600623, 5.070920209749874, -0.38083489159860096, 4.927595832670592]
[0.008309022611891252, -2.040059981612851, -0.029399527571790703, -0.999567740465125, 1.2415680942570415, 0.4862568355859486, -1.5166236520145555, 0.6026471948687048, 1.103010248083932, 0.9655816975759511, -1.830491787066565, 1.138953333967576, 0.6287630539219858, 3.3844097640008726, -0.4987839518402499, 3.3394574740489635, 0.7609466106752782, 5.136151682209505, -0.3856769128604802, 4.961216252290745]
[0.024191141125660905, -2.0476225022528993, -0.018116648956873094, -0.9998358800476074, 1.3351732949919801, 0.3473431173611808, -1.6373053756720937, 0.3926818634131215, 1.0254601297558865, 0.6907569033814183, -2.160595769547232, 0.742783948286401, 0.5953677511949124, 3.409633587255131, -0.5402051446487263, 3.2927572171459287, 0.7677224161578616, 5.197010844711506, -0.43347535902886564, 5.025389247458552]
[0.07183455301129169, -2.085151664193768, 0.03135605092529488, -0.9995082781399914, 1.415915048568362, 0.12926052062499277, -1.6982802902151128, 0.0898332693854229, 0.9483686693520377, 0.40624814581264945, -2.4538303864920468, 0.35266751852166445, 0.5266349157978711, 3.435705728649917, -0.6253843475995288, 3.35007597288302, 0.7675085500040365, 5.321481605313613, -0.5574129249081211, 5.168094191438397]
[0.15269795177812542, -2.091331930028631, 0.03458117455244367, -0.9994018923168865, 1.5584523817217562, 0.0017455365329997795, -1.751431016208679, -0.03136828458687031, 0.5864769445320149, -0.40619246372530327, -2.719586077447416, -0.12126906841162499, 0.49705166907106074, 3.460491218676125, -0.6891700646913043, 3.303355226882486, 0.7982356696015955, 5.384806022073942, -0.6507052445423924, 5.327071944345212]
[0.23398815570243925, -2.0772103620773117, 0.04464604153932677, -0.9990028683516723, 1.6825703169261257, -0.24617505698097344, -1.8185108290418213, -0.21863699545771717, 0.7091383264420528, -0.6456923817999359, -2.72872170387419, -0.4924137246792634, 0.45672214224345326, 3.4670861430806266, -0.738153671249785, 3.3007315223923177, 0.7958137852323891, 5.441553769925433, -0.8229586544591638, 5.432383035247118]
[0.33013297768140343, -1.964036058501109, 0.09917049042894466, -0.9950704567155446, 1.727480854967796, -0.03673516945772856, -1.8434143840692174, -0.3182593954041396, 0.9153053535635296, -0.7190383741359626, -2.735208973198095, -0.727483957637102, 0.420598413517132, 3.6659863298085194, -0.802836658468624, 3.155320390862133, 0.7314335653531264, 5.394564013821022, -0.9799948397297998, 5.3356588035639465]
[0.3943455830038743, -1.929957985893226, 0.13042827256988618, -0.9914577478210735, 0.9939273516401693, -0.6123052344651521, -1.8834016402056737, -0.5404630143921192, -0.42012371539561905, -1.058809457599122, -2.9168597816307096, -1.0699741973548198, 0.263272367646083, 3.245062310409703, -0.8472646770482366, 3.1251730210195743, 0.8875888040983893, 5.386254862414119, -1.132643565407587, 5.396616600905016]
[0.40748338051666516, -1.8584260190654485, 0.2555543182763956, -0.9667946992046899, 0.8015662132953497, -0.6010047730143548, -1.9832166515718272, -0.6119238627748043, -0.1864941754261702, -0.9391506578174078, -3.1457907150203663, -1.3516478175865736, 0.10389337692011107, 3.099641679138221, -0.9377290525349739, 2.9407455153673148, 0.7260526217314458, 5.158276677765767, -1.3244570326334337, 5.148136583124407]
[0.6137557910671678, -2.419020342084444, 0.2653763380923362, -0.964144905696598, 1.0690747956823856, -1.1458113664453857, -2.5037391242350813, -1.2420266235058484, -0.5527293637050333, -1.6511006938367547, -3.939139455916413, -2.314709332529642, 0.16675450145338183, 3.620239526135803, -1.1506453398407486, 3.421010504053796, 0.9374003131809054, 6.32812069946344, -1.8385668210345993, 6.251595744537835]
[0.6980539470376352, -2.3222219694239086, 0.2503806333423182, -0.968147477632979, 1.073315106280445, -1.2053672901950119, -2.5464874604087324, -1.5569224243030604, -0.22907420282186466, -1.5943046354226427, -4.0004938209145235, -2.579863925027606, 0.16175185908622772, 3.526335105070745, -1.1765830494278957, 3.472727902600465, 1.128138015637947, 6.128270595081657, -1.8913471472926202, 6.227331323153227]
[0.7173219947794802, -2.350053200541807, 0.26358188404311794, -0.9646370252091097, 1.0997026870477693, -1.2281133532558133, -2.444119377513677, -1.6263304775551313, -0.24493434025850022, -1.6929173454178996, -3.8325435462072246, -2.672786817662825, 0.14770485464138422, 3.489000179735645, -1.1765382904909605, 3.333133747634741, 1.2372710624922052, 5.9653365479007014, -2.0135416859558313, 6.075375426556307]
[0.7299186938710516, -2.3542616772365315, 0.2827616409002714, -0.959190207641522, 1.131908708758593, -1.187777562414994, -2.463985387511499, -1.6759913373707425, -0.24651442049629804, -1.7083680551564264, -3.8486633589549193, -2.738827557924604, 0.11110269924693897, 3.514980227996674, -1.2092965782160996, 3.338745766981328, 1.3488298248442723, 5.897896044461572, -2.076972571979875, 6.0879918766044625]
[0.7748695475838603, -2.366429491670822, 0.28415508682718055, -0.9587783302882045, 1.172812651986705, -1.0562883450516771, -2.5082276789176543, -1.676653525804254, -0.2320052646157155, -1.682763549754599, -3.8994249945323998, -2.77721395145765, 0.09199865423768798, 3.5731353506905124, -1.2425889449406218, 3.40483724293785, 1.4206776539392094, 5.953849524733924, -2.0766612764821084, 6.179041347612937]
[0.668138634952607, -2.1512684473314865, 0.3224247881336623, -0.9465950855550449, 1.0281748576688219, -0.8799087136454077, -2.4482321776882094, -1.4261191094367935, -0.2807764532709539, -1.4885335063065361, -3.762798208470015, -2.452643345507101, 0.01885331487405335, 3.403840449527955, -1.2331325973280338, 3.238823858297113, 1.2542736534203378, 5.655260427738259, -1.9823406829175556, 5.824035308032106]
[0.6312174035432563, -1.8881472220347517, 0.26087477241468116, -0.9653726498702914, 0.9843524603892987, -0.6315879901747217, -2.1899992436429065, -1.10172281446447, -0.40130675011763955, -1.2218818475798152, -3.2152704246627994, -1.7338050421669422, 0.044464718069047574, 3.200003362934991, -1.0963164505478051, 3.0496723351940207, 1.1673044530103922, 5.284378284582419, -1.7541273115583775, 5.408956349733802]
[0.5700275473018312, -1.8976395621045197, 0.24376779477169352, -0.9698336260576581, 0.919972173421418, -0.48914499001312034, -2.0702092147326425, -0.922897569930002, -0.4681015351097015, -1.0342969157252122, -3.1590103623009362, -1.4612680127100979, 0.07170314257408292, 3.1090866666720456, -1.0360109025684496, 2.9622496356981536, 1.0884532157104463, 5.225596257053759, -1.655613564885319, 5.259245123542635]
[0.5754320752445471, -1.9940833269385019, 0.1813118043002351, -0.983425660444852, 0.9434323947781433, -0.1733761488563857, -1.9821740729389339, -0.7324677045643221, 0.002222316588442983, -0.6142550002137864, -2.98785411995067, -0.9623889557755194, 0.13913422199536737, 3.237635068770218, -0.9997522833139969, 3.0731614409084718, 0.9388218105436708, 5.442081489797065, -1.4563041671419548, 5.397794381447422]
[0.5084382048256904, -2.116176263200946, 0.16758275121205105, -0.9858580128477934, 1.0334019354600652, 0.24555979530056668, -1.841972867648658, -0.6048315690731699, 0.21440446770983887, -0.27565852828580295, -2.8821421776614278, -0.5393479211942661, 0.18065947930349813, 3.351083346483475, -0.9957350278719141, 3.1228585961674358, 0.7958981181864533, 5.532477965840499, -1.0203626583657261, 5.3691350102797095]
[0.4663586075528235, -2.044141857021685, 0.12406776592246549, -0.9922737472386379, 1.1905990139089757, 0.4295439167263515, -1.7725264984327738, -0.39146813655275925, 0.5245040954875525, 0.4190304799023017, -2.768226709024019, -0.07116255499790337, 0.24694857136371787, 3.4303707793539058, -0.9261106034212275, 3.2184137687844867, 0.6970072251811594, 5.497342373157529, -0.908259033644073, 5.297151108661995]
[0.41924982688947066, -2.106056413172128, 0.10577357828483458, -0.9943902403668401, 1.081969244480369, 0.5426453604048166, -1.763953837337708, -0.2418959845861321, 0.5073287726347407, 0.7507607233075251, -2.516395883833549, 0.30720800166215445, 0.2797515578640174, 3.4619498217708213, -0.8674961292032829, 3.398530467110004, 0.667364905423466, 5.449555838594091, -0.8779625106914197, 5.272342195490735]
[0.41527414751678005, -2.403987998422517, 0.06518747878374893, -0.9978730343133931, 1.1953378701423294, 0.5694172578547771, -2.0106185672658774, 0.04862120732756303, 0.8914835194341812, 1.1122302453639366, -2.6086643314216444, 1.1682845556866608, 0.38494339271807176, 3.7514474502096427, -0.9022610381870173, 3.6914324247290757, 0.7344874671312597, 5.90564858256484, -0.8544882345707088, 5.692702435259673]
[0.3379675387899096, -2.0492729192993018, 0.03984763066741156, -0.9992057677626734, 0.9860833867532931, 0.6680842093842119, -1.5582650517943128, 0.3438037093216, 0.7993216600400276, 1.3386792617873862, -1.8732890903028219, 1.467539658502428, 0.3752700878271498, 3.390412771602595, -0.7434375196536275, 3.3356657353258923, 0.6743822444801094, 5.207226948618032, -0.5920935764629408, 4.977357454258579]
[0.2694020082046123, -2.0499496782959774, 0.046435855866765546, -0.9989212738198745, 0.9387766987053312, 0.7817065814500459, -1.3785426062062882, 0.6764087986160165, 0.7709714253121781, 1.6046866487148521, -1.558294800223265, 1.8918108165297656, 0.41154563647464276, 3.394660363515102, -0.7160269288871053, 3.3486617666212477, 0.6762578594854463, 5.14986471325861, -0.5249675134923919, 4.86951339762168]
[0.2457533921549526, -2.0458214495901546, 0.04877321065486232, -0.9988098787669335, 0.8723634333970481, 0.8599392196179994, -1.072504913018751, 0.8318634563019985, 0.7870035142290168, 1.7861686887862234, -1.1852244737340072, 1.9766009997594525, 0.4401301555460971, 3.3920891613036965, -0.6979240580870713, 3.322249994569198, 0.6879278294814566, 5.086036393498022, -0.5022899109887992, 4.853939073525199]
[0.19268956219240488, -2.0434831272803824, 0.035910423868601216, -0.9993550127244959, 0.8484660073649761, 0.8548896111080476, -1.020825058246602, 0.8500151511975975, 0.8080853891379927, 1.929945780049561, -1.003776238671078, 1.8510190409319804, 0.4696415891175368, 3.378603529132161, -0.6856379272051232, 3.2337554425116815, 0.680820269946879, 5.055303209117689, -0.4913807550322802, 4.819867111700679]
[0.15387236135101848, -2.0347303713311597, 0.008567080467410873, -0.999963301892757, 0.8009373802625978, 0.8296723183518209, -0.9782287232873205, 0.8540042526465345, 0.8197159698164793, 1.9398557100708507, -0.9945891011966567, 1.8514866141447268, 0.4899815359387006, 3.348115227382954, -0.6605525049772071, 3.2069954180366, 0.6601577593323811, 5.019549405518746, -0.4981922307554601, 4.805290529629074]
[0.10610577226892684, -2.0237596952759764, -0.0062018430967664285, -0.9999807683861741, 0.8096356698706993, 0.8389901622465297, -0.982808322619628, 0.8740125442361456, 0.8631814787221862, 1.9102567131970567, -0.9811045515732624, 1.8582776388697568, 0.504080348266603, 3.3392599498624667, -0.6007731701673854, 3.2061244293732805, 0.6404953689419993, 5.001109252686746, -0.5283933309159631, 4.824468326036186]
