[-0.03745590567167326, -1.793269386515098, 0.016423794935097442, -0.9998651203837094, 1.1403692600236586, 0.41186985667651854, -0.9002854161416459, 0.7535467200935727, 0.7586365705125625, -0.4359238997418396, -1.0228979418523272, 1.8729004392243527, 0.4058933568745729, 2.9777048192791766, -0.31961148030503755, 3.4184153843444776, 0.5605053565110453, 4.60645310219031, -0.2800735477799265, 4.706181463928598]
[-0.03544615139064975, -1.7971866988092666, 0.017512057489133467, -0.9998466521634692, 1.1225964728947448, 0.40646409806914524, -0.9006176830958812, 0.7508901756053818, 0.7373469073078907, -0.429771313568807, -1.0245112644841894, 1.8628026718236819, 0.400424535347712, 2.9640157853587787, -0.3213705996350751, 3.4015843885557, 0.5671979513864929, 4.58876663070173, -0.2834909088749732, 4.68545940982324]
[-0.03243229097873135, -1.808494956096551, 0.018242627295080943, -0.9998335894284472, 1.130832852638756, 0.4128796576810929, -0.9077594454484149, 0.7535382501322899, 0.7451926887911449, -0.4278375586622129, -1.030857677520439, 1.8713573835219484, 0.4011922873577584, 2.977835700824463, -0.3248477675841539, 3.418143188402275, 0.5688982033340697, 4.6104572406074364, -0.28852259508841516, 4.709764022235502]
[-0.027381360983607324, -1.7989565526174611, 0.01612390859010831, -0.9998700013360625, 1.1423161706770344, 0.4214342980182223, -0.9194082785384663, 0.7549808384124228, 0.7556622230773564, -0.424395342003374, -1.0414144178705587, 1.8812974332995485, 0.39766646559025765, 2.9947745845469256, -0.33068594971193, 3.4355176898866566, 0.5600483488573513, 4.6317357984260115, -0.28809051687975507, 4.739546456227979]
[-0.027169002958063695, -1.8026702835132642, 0.01610517866846882, -0.9998703031993983, 1.1452925172993362, 0.4225340091953521, -0.9242826815499253, 0.755732398172134, 0.7586965840318783, -0.42451948979323945, -1.0457144776117795, 1.8842110714282894, 0.3984443863538806, 2.9990417656490034, -0.3314435818807849, 3.4409059734143566, 0.549747436796115, 4.6396269038728155, -0.29149199325044284, 4.74854762938784]
[-0.027552890845322642, -1.8030118914200928, 0.010043145704828107, -0.9999495663403988, 1.1325063788214038, 0.4139467158161853, -0.9301596334567813, 0.751326430397154, 0.5972707119088855, -0.08747994618257803, -1.0505994294596614, 1.875845562848501, 0.3916728671620854, 2.987976305973864, -0.33784091672584815, 3.4287811685321374, 0.5429615685858528, 4.624923034843714, -0.3004649948251032, 4.728765599727575]
[-0.024545897489920847, -1.8115031644008894, 0.01297507841481636, -0.9999158201269391, 1.128863660865474, 0.4126925169584503, -0.9328812497275689, 0.7499653275685272, 0.5633813871449097, 0.0823739428206941, -1.055221933181599, 1.8769349187146518, 0.389608279320333, 2.989616895257245, -0.340794372248694, 3.4288277687333406, 0.5411422181124655, 4.624310016463134, -0.30364970233170935, 4.724816907963016]
[-0.01772005679706543, -1.8254258892403779, 0.015193599100388654, -0.9998845706112164, 1.1342705080448956, 0.41029731794552354, -0.9379347263865299, 0.7495460413444854, 0.5614898954311752, -0.17380063698136586, -1.0597062007026725, 1.8803671258317733, 0.3884142194538899, 2.9955074662197174, -0.3428982680079789, 3.4363509619991603, 0.5437577960041226, 4.632931120317599, -0.3071556574692958, 4.732063156790665]
[0.0017617817633889222, -1.8444152701524805, 0.01568348923160915, -0.9998770065190629, 1.1454280593322685, 0.4162602075162472, -0.9437884883712767, 0.746893703762102, 0.5904136151373436, -0.301037426465547, -1.064744328422952, 1.8862160798453, 0.38875223488016886, 3.0068927366335396, -0.3445827984339908, 3.4490351532343673, 0.5469462509447075, 4.650481495365161, -0.31279053359314724, 4.750918617127057]
[-0.0005862164242219507, -1.8501138825581684, 0.014951384309639463, -0.9998882218064304, 1.1490668062927738, 0.41367010686753364, -0.9480541073909441, 0.7451416016198997, 0.5901013042226544, -0.2987091247854228, -1.0682378773219696, 1.8764999495793637, 0.38673390517208195, 3.0105592529273615, -0.3473477648421262, 3.4519726512443536, 0.5437487562216322, 4.657921474042277, -0.31592490774412724, 4.756939963987105]
[-0.004782577769246551, -1.8531485338754166, 0.011839829313918306, -0.9999299067643779, 1.1472291272761341, 0.41056123891609286, -0.9526832635678358, 0.7352845978307188, 0.5870822864912755, -0.29902231143082647, -1.0670007513746682, 1.832332140115824, 0.38505159094105784, 3.0115717846522436, -0.349512890074138, 3.452170227169838, 0.5428988193262608, 4.660227789204104, -0.3211531788797837, 4.758000617349772]
[-0.005762563150199443, -1.855680149469738, 0.011687594196589011, -0.9999316977383484, 1.1464889741866733, 0.4083106421381028, -0.9540756772820871, 0.7317960818867442, 0.5972692451580071, -0.2773809042233679, -1.048791266022719, 1.8221544495307929, 0.3850196283142765, 3.0140242840322142, -0.350240036251409, 3.4528518004198916, 0.5496262265548489, 4.662240902661792, -0.32121173104831446, 4.757367082181814]
[-0.009237855619743447, -1.8657746129723773, 0.013911411001201121, -0.99990323163992, 1.1488460106907727, 0.40800677597681767, -0.9589750792766483, 0.7209608477184213, 0.5377044090214538, -0.18410723155463155, -1.03067087876055, 1.695793665012037, 0.38274179058674834, 3.0221421441290715, -0.3558184097597662, 3.4629866331519157, 0.5467292097593335, 4.673745052462412, -0.32581516939171057, 4.770734343653455]
[-0.009887146288689707, -1.8697414339975285, 0.014936586946663066, -0.9998884429627061, 1.1496403805406992, 0.40825199279087043, -0.9599694896023147, 0.7073592022250192, 0.41188923107640785, 0.0169992966960137, -1.017324983911363, 1.6256494190075739, 0.3842569264791811, 3.0229495650745686, -0.3570509669079628, 3.464610806849256, 0.5481311293771123, 4.675662365843077, -0.3256943391031204, 4.77244229598414]
[-0.012845752201811535, -1.8745108615950972, 0.014285253381913618, -0.9998979605618838, 1.1456611832492303, 0.4118942352913996, -0.9738704680617857, 0.6773473394594762, 0.3969341829546235, 0.11179594501276753, -0.979186911463945, 1.4843735030266791, 0.3785136471045601, 3.0336590500722926, -0.36732668096674603, 3.4733137373912566, 0.5454604838251091, 4.686963407208069, -0.3302262732948971, 4.7810658076828165]
[-0.016591840350481248, -1.8705541298765564, 0.01681346322719581, -0.9998586437363572, 1.1321730788290039, 0.4161189580602912, -0.9749670625326289, 0.6733460511167414, 0.4543521799138442, 0.05498636517423716, -0.9515171234648702, 1.4426455528044206, 0.3750812288346705, 3.033311750157218, -0.3702213170093336, 3.4709670566526523, 0.5414111675117382, 4.681997389965493, -0.3364048495298138, 4.775038245618814]
[-0.015872435544761154, -1.8700343522076466, 0.016336904103935714, -0.9998665438768809, 1.1151517737490075, 0.43059759014501303, -0.9712238990381593, 0.6578812712302041, 0.4571536636387707, -0.5189361942747992, -0.895990078077279, 1.374334075246813, 0.3745488481882545, 3.034216225251383, -0.3718758769695342, 3.467855497040491, 0.5434737958962351, 4.685685143772681, -0.34165842279330844, 4.77271341357692]
[-0.021027271515784797, -1.8781096803136763, 0.013427825321832761, -0.9999098426893928, 1.0454226037915622, 0.5368265463106195, -0.9547919024374859, 0.6326315802102176, 0.4472221584841117, -0.22984686636242355, -0.8563864774675894, 1.1908154961072484, 0.3716913752323772, 3.0590238365226563, -0.3874236713187098, 3.492932863657642, 0.5456855903998227, 4.7156551192985265, -0.34442470470210074, 4.803964253551622]
[-0.03359572375549779, -1.8914151942607125, 0.00430216185103855, -0.9999907456588824, 1.0406048085116968, 0.5539133095141494, -0.9553405231542195, 0.587917334588453, 0.4020665623215778, 0.06163343123944798, -0.8174445405949928, 1.121290979921495, 0.3629793749245213, 3.1006378158782457, -0.4150421546843712, 3.53853723500253, 0.5385248454242155, 4.764339974117141, -0.358430198696025, 4.862921568045186]
[-0.03169021731285176, -1.8968309259104372, 0.002638700058927504, -0.9999965186249395, 0.9737350737059803, 0.5785806212233178, -0.9615236711074147, 0.5670047078097277, 0.430387847343809, 0.16926002572394108, -0.7635681952646225, 1.0632263054781852, 0.36315345808091065, 3.1125137220619084, -0.4173888970488149, 3.552222635371746, 0.536247699587648, 4.782717997900114, -0.3629732236878852, 4.882687387262959]
[-0.03400348930893273, -1.9023330505004736, 0.0007144535904594258, -0.9999997447780009, 0.9604262701535763, 0.5694434234353279, -0.9521173473847785, 0.5494165142634596, 0.534200423031076, 0.8526733963709273, -0.621511115411902, 0.9790812622771707, 0.36590999359164933, 3.126283380774899, -0.42139866108431084, 3.5623571327908734, 0.5335108895162097, 4.803166464722342, -0.3636723149324732, 4.897578361648224]
[-0.03223658671441319, -1.8886492306024079, -0.0003929453552955596, -0.9999999227969708, 0.9530335616821023, 0.5774422489470674, -0.9433722322439121, 0.5730122393240712, 0.5523813541144792, 0.940288803069115, -0.25114261921227227, 0.82667113464538, 0.36785501952204785, 3.1289571892211825, -0.4206158207439133, 3.5653439772191313, 0.5350636785513065, 4.810403120920567, -0.36365974669650375, 4.904468732513063]
[-0.03883335571760723, -1.8695866788901319, -0.00067639836489384, -0.9999997712425999, 0.9840886703947654, 0.5441062988351102, -0.8389149838128254, 0.5992582829789814, 0.6800870910895671, 1.1846711388477333, -0.07946108784116462, 1.0501129664334528, 0.3696771924987024, 3.1361168203138856, -0.4262595443435307, 3.5705809641841237, 0.5385218845821376, 4.826800342892392, -0.35549347230838635, 4.914213765426994]
[-0.03881325732743887, -1.8804874262962576, -0.00261630819665907, -0.9999965774598532, 0.9387728278618444, 0.579792626066557, -0.8661186165656415, 0.5722987025629093, 0.6861967194554827, 1.3368790925640877, -0.12750583200085974, 1.2985055754749746, 0.3669999391151313, 3.1466108471002605, -0.4258271809436682, 3.57794214088256, 0.5399606519238236, 4.842106285885062, -0.36455561223485616, 4.925200847360646]
[-0.039346052570116405, -1.8944274760056194, -0.004500405841083621, -0.999989873122356, 0.8858982890343474, 0.667225644541921, -0.6125413162074684, 0.49424275148786806, 0.6859026603269468, 1.8151397674414667, 0.011287317133859468, 1.4833977754688366, 0.36622834563389756, 3.156359991797851, -0.4267776281868177, 3.5813247676073185, 0.5369219311463826, 4.856724563582424, -0.37060817685577657, 4.926578475752763]
[-0.030274686600991706, -1.902911392993984, -0.004879697574797415, -0.9999880942049153, 0.8722349702641979, 0.7229007816160559, -0.8961115666526794, 0.603803952187631, 0.947124782271387, 1.6655168342852205, -0.28377974111619664, 1.630040374754573, 0.3733220248246075, 3.1661703353908948, -0.37986968869781557, 3.086990369605276, 0.5357488273684653, 4.865560579869704, -0.4008339210707576, 4.838661414445927]
[-0.02354868859813785, -1.9105462002010278, -0.006856767537046897, -0.9999764920931605, 0.8666868209110008, 0.764091580639808, -0.9119159682119131, 0.6281620256733484, 0.8977125186379151, 1.831870116697768, -0.6208857423544979, 1.8653845880580118, 0.3855028670850133, 3.1655665873202476, -0.3891048334758922, 3.518012576290277, 0.5191646055333535, 4.889987824520767, -0.4013744490880708, 4.890503483259302]
[-0.025963978589759917, -1.9102470572124413, -0.009005544161418508, -0.9999594492649974, 0.8710533146456002, 0.7993225968142882, -0.9176500690396365, 0.7087045737410325, 0.9570303495625633, 2.0022975205808127, -0.8310538541189819, 1.7141809388708893, 0.46901494712208175, 3.0977402572489288, -0.45634571694800974, 3.534877491910517, 0.3988356202510336, 4.939243485211338, -0.4078951342578664, 5.027888814821277]
[-0.024585030402067543, -1.9192291342835988, -0.007271401265192273, -0.9999735630123632, 0.8717686581763846, 0.8241930429323605, -0.9186625956912651, 0.8045562442333496, 0.9622699497501418, 2.014711388817224, -0.9238784250797729, 2.0123083267550745, 0.45468346008911364, 3.126609452009965, -0.48342360423226566, 3.554934800505424, 0.4619394701841343, 5.064886447215306, -0.4143159272711868, 5.039454217460724]
[-0.024585030402067543, -1.9192291342835988, -0.007271401265192273, -0.9999735630123632, 0.8717686581763846, 0.8241930429323605, -0.9186625956912651, 0.8045562442333496, 0.9622699497501418, 2.014711388817224, -0.9238784250797729, 2.0123083267550745, 0.45468346008911364, 3.126609452009965, -0.48342360423226566, 3.554934800505424, 0.4619394701841343, 5.064886447215306, -0.4143159272711868, 5.039454217460724]
[-0.03737594795352107, -1.927218424430751, -0.011465706995651541, -0.9999342666211064, 0.8588895630961794, 0.8654376476930263, -1.0126557817286905, 0.8505505640986216, 0.9992614919432109, 1.9673432229613694, -1.2142412360097035, 2.0386356436062196, 0.46568962815025394, 3.116243199468061, -0.5060756864623944, 3.2136742229584834, 0.4965735543325403, 5.225841129542476, -0.5549985416421276, 5.184609648999013]
[-0.02678176361124661, -1.9646022684367228, -0.0033208434743803757, -0.9999944859841072, 0.8730103166288955, 0.8501072306158102, -1.0660889139447014, 0.8340393153390866, 1.2357135997980668, 2.0349104176188897, -1.5173093856480462, 2.0250196503801647, 0.4918943938910274, 3.1665940112761737, -0.5194729074736073, 3.1587211669855226, 0.4738165770510785, 5.1854227848095515, -0.7350359275823398, 5.320013996248157]
[-0.018458453386291984, -1.9536419600189867, -0.003468840591256317, -0.9999939835543774, 0.8848540854163459, 0.8379321432075685, -1.2412284095606285, 0.790039202957173, 1.4693848738356194, 1.8337268311603507, -1.8679596229632798, 1.9304555094667137, 0.48652722073735083, 3.12812051794686, -0.5349106088641306, 3.1151058685365407, 0.5106971276258644, 5.265644114312921, -0.6803010725907702, 5.355117644604839]
[-0.026731608980650978, -1.9569766608312205, -0.004088372973493642, -0.9999916425682914, 0.9170339493258616, 0.8108588877988219, -1.314235583927289, 0.5452443250754574, 1.7185053003537956, 1.430239339400409, -1.933607305659757, 1.3544458008557445, 0.4892143913169586, 3.126887723141484, -0.5341594825045634, 3.100706480210133, 0.4913283475559986, 5.286371813433564, -0.7278334675120138, 5.35075478084696]
[-0.024730957156186277, -1.9563380247583149, -0.004814285095762772, -0.9999884112623589, 1.146177145809168, 0.5470317371191824, -1.513091707471408, 0.3599548754467215, 1.9288613887789994, 1.207869255082695, -2.2712706295345884, 1.0491345933806897, 0.4892080125162591, 3.1379836722451313, -0.5377546846140152, 3.118310989064489, 0.49948650335628564, 5.296463932327725, -0.7318416411095494, 5.354122219857403]
[-0.017230761800293728, -1.9572522022899825, -0.002883830161451882, -0.9999958417531546, 1.4046122595357426, 0.3753763812338523, -1.6461317078251707, 0.16222156078870953, 2.7652827219808955, 0.37937727811324695, -2.6187332503117933, 0.5494135140875471, 0.517592407734503, 3.251815892685957, -0.5505799676795464, 3.2548709813806753, 0.6579281934882371, 5.200268142984601, -0.7934507823516821, 5.250193147043596]
[0.0019043508689920185, -1.8375055943523133, -0.018579559942191202, -0.9998273850782217, 1.6033002901198523, 0.18424615373055123, -1.734141374402538, -0.007686890119144933, 2.7877628222160378, -0.26146595725940625, -2.7389855643919674, 0.13781132955668463, 0.5734053518395695, 3.2462033369958676, -0.5878864983714396, 3.221372137965941, 0.7270250263364773, 5.138968533178905, -0.6413888003146261, 5.156496687329323]
[-0.003983250105256845, -2.0518497109835927, -0.009608104639330843, -0.9999538410972977, 2.0361036424609162, -0.15357809763615665, -2.0010345757907997, -0.1792713379869978, 2.9601368348070327, -0.9471839571425231, -3.0771214527426634, -0.3926808237878185, 0.6266425822091547, 3.3867208015033192, -0.6622549040095304, 3.349414558583868, 1.0478583212031094, 5.402685896001094, -0.8047566822331805, 5.459770223310644]
[0.002028651263251942, -1.847801626791159, -0.005867030058691476, -0.999982788831033, 2.069504812183194, -0.5520562542477905, -2.1627069472822824, -0.5400764115501137, 2.6325946794946424, -1.4928755107385563, -3.1220148747197243, -1.048066498176906, 0.6535731909380202, 3.1432232559972686, -0.636924218554865, 3.235379830963324, 1.121437914802872, 5.082704912282754, -0.8455085340699742, 5.163028751341373]
[0.004716027627811161, -1.995753751551045, -0.0018146451900679574, -0.9999983535300615, 2.322751275110077, -1.0413784571436642, -2.3693996569325155, -0.9352256220309005, 2.6327320247729866, -2.1708713029721274, -3.1903367941617877, -1.713561188586767, 0.718885189977141, 3.5257138575811147, -0.7008770597263337, 3.5333727904647856, 1.1909647578097113, 5.039982284364319, -0.941804622472322, 5.121431437245029]
[-0.006764075027367379, -1.9774111774912253, -0.0029372277987304565, -0.9999956863371254, 2.0900328761769407, -1.2558345672019309, -2.2168335747333487, -1.2901869455610202, 2.2935966760386575, -2.6613696252492716, -2.985440100979044, -2.5429593389791223, 0.7490029860558276, 3.438150009616357, -0.712063245124835, 3.408725918145414, 1.2688220284907432, 4.904099799914293, -1.0070515708216654, 4.958213287985148]
[-0.008672033153144978, -1.965517319905669, -0.005579638593511413, -0.999984433695428, 1.9551682124382164, -1.7300700764344372, -2.0673334095548475, -1.6771190215285205, 2.0101313054818366, -2.935323341688765, -2.5377269256562576, -2.955148739199971, 0.820978067366254, 3.368402695188297, -0.7397410133328506, 3.384191586316718, 1.4011051498975098, 4.916835242619628, -1.1168609507075475, 4.951828319218964]
[-0.013918869645344441, -1.930354703056833, -0.005853843701420551, -0.9999828661101745, 1.6370125466245853, -1.945246470392227, -1.847813761780256, -1.8929255299338563, 1.6124305773205576, -3.4742120606722597, -2.019587122849668, -3.464092267992508, 0.8561304825465391, 3.3530094930632046, -0.742838902862816, 3.2933884529883724, 1.4827005640049473, 4.922465051233123, -1.2154211473656455, 4.954393492121834]
[-0.04845276643596294, -1.837232742787507, -0.009278591399481033, -0.9999569529442963, 1.4079445846561578, -2.1179214731201212, -1.5512107036134455, -1.8832272122084084, 1.2748023936649064, -3.641543516108441, -1.4825332246503633, -3.2790286117621967, 0.8635536133377747, 3.378858252467746, -0.7466108246571237, 3.3270337128351986, 1.5881524158922211, 4.9744298629317365, -1.2967572336157698, 4.94655381826077]
[-0.18104713134734332, -1.8023085691620637, -0.011185119890586008, -0.999937444589927, 1.1243472157687453, -2.264372245833296, -1.325204495920663, -1.7133230433975413, 0.8567009645688257, -3.3221856355847974, -0.9908726420854538, -2.9136177519055835, 0.811130825201531, 3.4183547584216094, -0.7894440131184174, 3.3271596282496967, 1.5820760101565492, 4.854736083458726, -1.302890669251366, 4.831714962738586]
[-0.2765770852596698, -1.8481420698808255, 0.1187216369074941, -0.9929275768806128, 0.944169288111876, -2.2263385379611864, -1.4378853377625564, -2.1415551132147415, 0.48047432397091955, -3.500760877740128, -0.841993660991123, -3.2108672668835117, 0.5838609397023682, 3.9951423259797294, -0.9538327543694648, 3.7561927470656227, 1.7224323860152415, 5.411967911596339, -1.692674836374314, 5.448862810105811]
[-0.32859971358341694, -1.8769049777198714, 0.11067814256651344, -0.9938563018656301, 0.9750560800134536, -2.332945689771934, -1.3668358654958448, -2.270802468549432, 0.2018376322856298, -3.3797283863569554, -0.6087027272655409, -3.2477464734461234, 0.7034814232468917, 4.1993020305664315, -0.96376920177984, 4.225584367740311, 1.8778743527590078, 5.647036740174489, -1.929152288725287, 5.908826078044968]
[-0.3840059813163258, -1.7893582875854268, 0.15197428970238988, -0.9883844471001423, 0.749509507123332, -2.251694278463341, -1.397643270917851, -2.0717648821138224, -0.19048128475696238, -3.546103107008567, -0.6336628037157149, -3.4352210270281205, 0.5653448268893553, 4.047145156402775, -1.1624525226132472, 4.021437538780694, 1.7322464199922378, 5.41683659366685, -1.9845610342825526, 5.7091033583347945]
[-0.5083165691135, -1.5305547745266386, 0.13843339735083948, -0.9903717456076303, 0.6778221508280241, -1.981920038811864, -1.3252580593446062, -1.9577667598384718, 0.24910019022193153, -3.026507392594162, -0.9667754071035636, -3.0585758370038767, 0.4626497322417517, 3.6282417124195407, -1.1354069486740033, 3.6002767149782064, 1.4999883647319976, 4.844640836589497, -1.9446672156427334, 5.3604552760333135]
[-0.29144833933060477, -1.9004829287996743, -0.006556646764650234, -0.9999785049605834, 1.2757650242175465, -2.4644562306223485, -1.6526165940558446, -2.2220930872262503, 0.9125958234902165, -3.643597463164704, -1.5991196361864675, -3.456272919285331, 0.7909383841803309, 3.7353962451181286, -1.0374628942001167, 3.720393545722685, 1.844590905580289, 5.098620111699485, -1.945208066140841, 5.7220859159463044]
[-0.1685453843601157, -1.8158075292893352, -0.049067024453201304, -0.9987954881312334, 1.4779901246514338, -1.935595628888363, -1.835052391124456, -1.8874264481267007, 1.4192464150136437, -3.1087943050928986, -1.9637838605159632, -3.0173602880322252, 0.8302721512539034, 3.293416252028201, -0.8759315249359149, 3.442068857549965, 1.6194700467868348, 4.6401495124816945, -1.4495618197127629, 5.203974027197729]
[-0.10501713004690212, -1.8035697633597796, -0.03730556467593451, -0.9993039051480834, 1.7390772457474193, -1.6313674188502, -1.9802757436864407, -1.6013064802115144, 1.8773358168494294, -2.9032164981695865, -2.4665963561522015, -2.8402387445098407, 0.8433692549706829, 3.403596021649677, -0.7343278117437578, 3.4037628711788646, 1.5127680193524677, 4.7289721835374205, -1.1764445224125137, 4.839956070555779]
[-0.11230849287565818, -1.8468632115848933, -0.03812222822016001, -0.999273083654078, 1.9919552194199117, -1.4515420986923437, -2.1998503635753397, -1.2607420169000123, 2.3488694823258225, -2.6373644359216835, -3.046307951963446, -2.5500669414175197, 0.8527261489783052, 3.4011166624883735, -0.7010786734659128, 3.4370836583433344, 1.3657051850422954, 4.871277055884675, -1.0478830192914654, 4.906034041954899]
[-0.11458125882779913, -1.8788035689030242, -0.04619544374958356, -0.9989324206255292, 2.0038644500785256, -0.9634066629529702, -2.2192793373926905, -0.8620840547568531, 2.6433290561611233, -2.257977641329351, -3.3218113102378086, -1.8644213578551208, 0.7998122341157624, 3.380140157624862, -0.6086954683752182, 3.378800065412453, 1.1189770454865164, 4.86422387875189, -0.8472489603801936, 4.90153102158208]
[-0.11805420189889551, -1.91247100588094, -0.047183755437149734, -0.9988862263655692, 2.122864402854121, -0.6560804379539014, -2.2928067087316424, -0.5012633009644967, 2.899676257413364, -1.6935451694848425, -3.3534578753822575, -0.8737671657884349, 0.7483085131539267, 3.346569923594626, -0.5810633222344451, 3.391068565431194, 0.9071698532889269, 4.895360208821789, -0.6362982986442975, 4.910497995428259]
[-0.1141738404180637, -1.9204661149761635, -0.0536875244693296, -0.998557784865931, 2.0128352524027524, -0.15943464676462893, -2.0547808284220124, -0.07282330818652012, 3.0341632667105984, -0.9027742099283453, -3.095781475199302, -0.03989665305196684, 0.6847337956975741, 3.31045896471623, -0.5016738166756118, 3.3585172229720244, 0.7325709817478401, 4.85569840194478, -0.5312055874620686, 4.867057515164183]
[-0.11900895709148554, -1.9288498263876364, -0.05523713922496362, -0.9984732637633528, 1.8625857499018337, 0.1969160652838393, -1.762232495074839, 0.23026905843110826, 2.9945078856499627, -0.24406402244513756, -3.1001681250734605, 0.488286417538374, 0.6090864357012976, 3.3017197999033296, -0.41220970563205356, 3.410307607172247, 0.628923977999428, 4.83884175508893, -0.4490651295294217, 4.862972720473406]
[-0.10441328625602171, -1.9531107653402555, -0.060132514959469786, -0.9981904030016765, 1.516924521200312, 0.4761638301129969, -1.533836413543052, 0.44418804730771605, 2.8581357697844045, 0.2065191037731712, -2.2458199212115413, 1.1922048770506597, 0.4014501477766291, 3.432480834063841, -0.18079839123425162, 3.4233972273412574, 0.5257953219461452, 4.825377156044169, -0.39195422475433284, 4.809461245050885]
[-0.07723475505106889, -1.8403713617105015, -0.0691481923599523, -0.997606399084003, 1.1665253672493785, 0.556891476453104, -1.1688215096102381, 0.4715116615209614, 2.2207263297035666, 0.6086374044956697, -1.9952508366348565, 1.2923640141902464, 0.36206750636048723, 3.111175651975832, -0.10574056225179078, 3.123614400370833, 0.4514625496563249, 4.771212015737098, -0.44835873827645073, 4.831084100972112]
[-0.08217154004249923, -1.8351788603888806, -0.0588784359737216, -0.9982651600538247, 0.979045617335158, 0.6626272225924225, -1.101498444211438, 0.8168934893593232, 2.055913646515565, 0.7243625310705175, -1.9451093382763942, 1.6282864623405147, 0.2934435655250165, 3.1495019760675578, -0.06709290269285077, 3.1732682675038473, 0.37140536326091833, 4.753508781961252, -0.6218647977304396, 4.707437936379062]
[-0.08833315731301067, -1.8781811807822244, -0.048116789302412394, -0.9988417164832611, 0.9206508997507383, 0.5915371287598131, -1.025308731182331, 0.8266253024887733, 1.9314755476866083, 0.7451535132292121, -1.7838568833221042, 1.6989017215026467, 0.21098667033528393, 3.1727163521322543, -0.17667832900370306, 3.090441040400093, 0.3924243693195437, 4.675947358938259, -0.7982246272763206, 4.693369305879771]
[-0.09429331422542957, -1.877948659810132, -0.05456034512323173, -0.9985104750276954, 0.9806006358576111, 0.5679150882170789, -1.0294322321126186, 0.810210136276048, 1.9730001019280985, 0.6738428929072701, -1.7876692924123576, 1.6604577533554674, 0.20721307352561114, 3.1669377130352054, -0.1690769782824423, 3.0603486550538097, 0.36790018722334744, 4.765605498971565, -0.8285204991908779, 4.698844526653721]
[-0.09429331422542957, -1.877948659810132, -0.05456034512323173, -0.9985104750276954, 0.9806006358576111, 0.5679150882170789, -1.0294322321126186, 0.810210136276048, 1.9730001019280985, 0.6738428929072701, -1.7876692924123576, 1.6604577533554674, 0.20721307352561114, 3.1669377130352054, -0.1690769782824423, 3.0603486550538097, 0.36790018722334744, 4.765605498971565, -0.8285204991908779, 4.698844526653721]
[-0.06477989381832348, -1.8107004908660569, -0.04304444561553272, -0.999073158333088, 1.3798407341409689, 0.3357605296523059, -1.1891552738113786, 0.4814710969987174, 2.384069306013946, -0.06305829334161323, -2.00701025535738, 0.9147210403275632, 0.44517599655293366, 3.4768096766662375, -0.3419172398882831, 3.0934695934868714, 0.4152858114407656, 4.825144402141531, -0.40590523559534036, 4.804452716447961]
[-0.04325343472512918, -1.7492368311947393, -0.03889500930669467, -0.9992433028302127, 1.5386588637155159, 0.09846304309619759, -1.499247730130477, 0.2775747184184862, 2.4511643944056583, -0.5427563912557274, -2.5121703044280475, 0.24213160393044414, 0.5135588881373758, 2.9192006477349093, -0.39915616954785993, 3.030606809546987, 0.5440603181632726, 4.68744460162462, -0.4433765306480964, 4.763790592967426]
[-0.04325343472512918, -1.7492368311947393, -0.03889500930669467, -0.9992433028302127, 1.5386588637155159, 0.09846304309619759, -1.499247730130477, 0.2775747184184862, 2.4511643944056583, -0.5427563912557274, -2.5121703044280475, 0.24213160393044414, 0.5135588881373758, 2.9192006477349093, -0.39915616954785993, 3.030606809546987, 0.5440603181632726, 4.68744460162462, -0.4433765306480964, 4.763790592967426]
[-0.03569464787803882, -1.8818949010199821, -0.038846301612671365, -0.9992451975621486, 1.6935662366449842, -0.11787228267625058, -1.7820226907036685, 0.051710073705192164, 2.522792734694189, -1.0373112640045166, -2.7835029237547593, -0.30816551975323775, 0.5511694704514727, 3.093722807152258, -0.43026903912421277, 3.2037611679617357, 0.6637710562757778, 4.433447519076388, -0.4925701733137099, 4.541391909958157]
[-0.05058460868267507, -1.874223970549048, -0.039232968628367774, -0.9992300907061423, 1.9167155214239198, -0.5280185032270467, -1.9521257935251357, -0.27654115898032533, 2.4559162801047885, -1.5178596254224601, -2.9371336741412004, -0.9384622266668715, 0.6141209079096116, 3.2140093536554413, -0.48317213247355956, 3.2765590249294445, 0.7875170517283548, 4.646690374708109, -0.6455376522787549, 4.705573249506594]
[-0.0652732939905649, -1.8769148106582154, -0.027345580043159755, -0.9996260397028998, 2.021470378857328, -0.8879663640372325, -2.157324270355323, -0.6823085820561008, 2.395660550156031, -2.046569810715424, -2.9454122992469225, -1.6248373903151776, 0.6679973643470997, 3.3380263836367305, -0.5228350546995626, 3.3584859349644214, 1.0189098516673956, 4.83486669437525, -0.7644775794271416, 4.861602763444264]
[-0.06748169003199146, -1.8718494011604874, -0.024975140932607918, -0.9996880725183213, 1.9773597447816373, -1.2027938884579583, -2.123669580716875, -1.00843745788912, 2.2131468668584393, -2.4057700490350857, -2.8175323217397827, -2.3206659807658863, 0.7374410704150526, 3.3607585054456677, -0.5917562625690427, 3.3592954817737417, 1.0972420758306993, 4.894018039413595, -0.8668268072377905, 4.926856867138635]
[-0.05472083627814483, -1.887688149753672, -0.02197478469403056, -0.9997585252638015, 1.8844357903676654, -1.4818446149350986, -2.0997035187798194, -1.452590799823015, 1.9987553215880962, -2.730162444559432, -2.530703036810649, -2.7438675452808097, 0.7792840909903379, 3.395688412659897, -0.6284844652282902, 3.393291320181402, 1.2664312028008164, 4.951516135229162, -0.9722517666850761, 4.972635773663403]
[-0.04499842549143194, -1.8191209522015919, -0.014501530313876061, -0.9998948472807306, 1.6653331899837194, -1.838836271777385, -1.945783443861969, -1.820111133021984, 1.7506437907204653, -3.045030441136297, -2.1478821637513983, -3.246801785589015, 0.8321218536306578, 3.414544530323451, -0.6812198552208034, 3.387038806215199, 1.3441190415706876, 4.968116526369634, -1.0917300666989525, 4.983432332710307]
[-0.08499484584447327, -1.8353937906553477, -0.017505974418131794, -0.999846758688386, 1.4360026868050961, -2.0804148736489707, -1.6804488073661497, -1.9417784693676365, 1.3983608436039283, -3.6420047989043662, -1.6171188540531478, -3.544175430389496, 0.8801181383557507, 3.4002422840528124, -0.6419937093853719, 3.3764462418951227, 1.4331467951881438, 4.946337374563658, -1.1873438330653745, 4.937107135567184]
[-0.057120481790813235, -1.9018422441834122, -0.09880510686379855, -0.9951068037440169, 1.3420454450461974, -2.6387742611616227, -1.5433060138411279, -1.927650657689678, 1.3169601293179707, -3.9392594631412736, -1.215471652508457, -3.582547292884082, 1.0368005228373627, 3.62916818629856, -0.5835330263726125, 3.639038147129322, 1.7383957382226325, 5.20848855924094, -1.2682190019748256, 5.207090443056182]
[-0.1939371722290936, -2.238022618239627, -0.007946081405611675, -0.9999684293967961, 1.4088949513215765, -3.14531163419988, -1.6427642862379377, -2.8947728983080325, 1.0051776523765856, -4.601333411291263, -1.2084116519099717, -4.282484019668764, 1.000582766646901, 4.518627666546233, -0.7765822233442097, 4.288874549577594, 2.0797287398240285, 6.144692804125682, -1.7062550800674847, 6.138164158001307]
[-0.2000260813409111, -1.9875424835927087, 0.05153443817287574, -0.9986712180103149, 0.9856492589047481, -2.4748827982282102, -1.3806701210791616, -2.719836104808604, 0.626775686739448, -3.7681224769713952, -0.9975444504666141, -3.8785215546155163, 0.7724505759353634, 3.7191472443940268, -0.8421705463794066, 3.7457312005013508, 1.7666763105877346, 5.080255433254201, -1.6982635544027913, 5.308301521938133]
[-0.2046655994983678, -1.9642940353286917, 0.05328080084030949, -0.9985795693192482, 1.0856178921132378, -2.619790478435085, -1.398173610839916, -2.7494302542268922, 0.21557411219735018, -4.029276556521667, -1.052582710945321, -3.907499653770906, 0.7755688714861022, 3.7531254864241994, -0.8636196337574448, 3.774950207541835, 1.7917395606226705, 5.112848825903887, -1.7230069857925339, 5.354863433759341]
[-0.2052576002342477, -1.902348163741865, 0.020933638067993247, -0.9997808673890686, 1.2107603760667007, -2.368444914711858, -1.5418530061010798, -2.4054278171356285, 0.9134296001280808, -3.5807178576654275, -1.28055754972879, -3.891461616655842, 0.8624494093749319, 3.644952472210323, -0.8169476153002413, 3.7069850050939754, 1.7433933606267549, 4.953181946172749, -1.6297864050770947, 5.2380159646074365]
[-0.1007158852137203, -1.869910275632887, -0.051513961675444746, -0.9986722744486807, 1.53198465912892, -2.143327257859844, -1.699894249602723, -2.1472539396153105, 1.3583225989625172, -3.7067992738380635, -1.6951308002614422, -3.50844352464126, 0.966395793550908, 3.44141835254022, -0.7193788128805835, 3.619591536839032, 1.6824269358426698, 4.873310878074325, -1.3638380002967179, 5.10793651794536]
[-0.11924876302501695, -1.8360593731995636, -0.04157755834176808, -0.999135279450354, 1.7310439330788752, -1.8080966727215901, -1.9244575024757091, -1.660705349430919, 1.952789235183709, -3.1528802131628533, -2.272011805243788, -2.918080560063337, 0.95271210246217, 3.5119941028513897, -0.698703392490656, 3.6051987728659025, 1.5659246284937485, 5.0262753701222165, -1.1683381750315474, 5.077480719248772]
[-0.11251562683965267, -1.8404488479564125, -0.03532208007662972, -0.9993759806294426, 1.8872524729885527, -1.594220074005111, -1.968414921174481, -1.2949615068770879, 2.307149500974745, -2.7283964353880004, -2.775188401811277, -2.5290964607629625, 0.8920703532065707, 3.4466375697078564, -0.6446729750721498, 3.4982480400666365, 1.3695654208076788, 4.9626704040653555, -1.0502553238745018, 4.991620674700376]
[-0.1381715276551445, -1.828295962972754, -0.035785343378675095, -0.9993594994791766, 2.0048104116976035, -1.2656627696056297, -2.1730746959228675, -0.9954578191552863, 2.6911742096504923, -2.480413755330672, -3.231027982576427, -2.0415640794618373, 0.8516861441821605, 3.442234738365294, -0.5875382135959558, 3.4709686473992982, 1.191734671140135, 4.982995161191478, -0.9163203902959675, 5.022680244106678]
[-0.14682565633237823, -1.8689118423829578, -0.03691068549011374, -0.9993185684738626, 2.1131143199779285, -0.8973921428608066, -2.250433509188469, -0.6579400338665405, 3.0366242207710767, -2.0880488101845573, -3.278937561936303, -1.023702627524552, 0.8115346108609839, 3.461937514884284, -0.521082650973368, 3.474182294223086, 0.9668778737657036, 5.08071811000943, -0.6898713072332231, 5.10144190941051]
[-0.1664720198247762, -1.8808466875719674, -0.036602699529666105, -0.9993298966743369, 2.0538956754550832, -0.4213967094008969, -2.0258066317759202, -0.2477129573187531, 2.967979458114216, -0.9731508427811988, -3.080190634566642, -0.2944471099924739, 0.7322172164002619, 3.375222194211464, -0.4748500172932972, 3.417080288765547, 0.741955241522396, 5.008727208782841, -0.5530786019910053, 5.01217542799972]
[-0.1690830840255916, -1.886794872320786, -0.038153167849376605, -0.9992719028287833, 1.9215379287940118, 0.03619444671196233, -1.8491768706438003, 0.11418930833203234, 3.1923324333777114, -0.4582832816734959, -2.86018192916007, 0.36877763888212767, 0.6239855064118415, 3.3798735206101433, -0.4030825197211968, 3.3960868372379602, 0.6315306486784029, 4.995780973133847, -0.38853125006206124, 4.980282352002218]
[-0.15360182065756534, -1.9003772865541464, -0.04864883760773598, -0.9988159443057645, 1.747364127282599, 0.4110130039128664, -1.5776269397186147, 0.36202201151725716, 3.094501218685634, 0.2742373969833218, -2.3595191024379214, 1.0228067295002543, 0.5715101749398543, 3.3699497282378, -0.23687024600369566, 3.4834034829627933, 0.49285903656625474, 4.967305197268052, -0.3255195202221724, 4.973657427489986]
[-0.11187021338008842, -1.9371349688275128, -0.05178090655041989, -0.998658469005704, 1.262474619860888, 0.5577840959953179, -1.2683925339786293, 0.4802439629263767, 2.6293352060347193, 0.7670488307548987, -1.7745706992537704, 1.3399916910018184, 0.304141747953231, 3.398155853271122, -0.10324802645080038, 3.586385016983051, 0.39541484114648395, 4.774075434634887, -0.25393870175304906, 4.946427908224742]
[-0.06209432036878803, -1.8145027050925697, -0.033041942980300956, -0.999453965925438, 1.0664380110478293, 0.6880113251265176, -1.061732672156335, 0.6950291032329314, 2.0232463912149323, 1.092033157707643, -1.7723785039397886, 1.7822072655878762, 0.2852173964096313, 3.2073233513119996, 0.0019458526977008332, 3.2748087877435417, 0.3443796624102779, 4.705706448576297, -0.24150774777722897, 4.77595870974039]
[-0.06563115100815455, -1.8619446808158464, -0.035635340153691984, -0.9993648595643788, 0.9672139942934068, 0.7191225074074572, -0.9529189539092497, 0.8857019890359191, 1.7627117282316511, 1.235701524798257, -1.3795387488915307, 1.8961089106923306, 0.2648229549763245, 3.241048467420295, 0.09119653067508805, 3.2754142291599146, 0.4616704595306438, 4.734471435115544, -0.49693722018204683, 4.737217209704883]
[-0.07916162425770526, -1.8682945747737523, -0.045654587055066934, -0.9989572857138744, 0.9120287652832227, 0.6244352369853414, -0.882546457422433, 0.8320223961554475, 1.6753567961098357, 1.1634046155315776, -1.1620178855581182, 1.8408823921405006, 0.24897183406570028, 3.206516625869434, 0.023360524740211393, 3.140374907981125, 0.47631296877458446, 4.620817328397448, -0.6383216276867455, 4.6325619244817835]
[-0.07917320059862332, -1.8955170079321702, -0.05386567257243115, -0.9985481907841601, 0.954935787574713, 0.6421443545853313, -0.9035798444663862, 0.8619046524242213, 1.7703013701997257, 1.1253075858855925, -1.1752973638644075, 1.8252951159566548, 0.25585261518803887, 3.197128761092043, 0.03267580921233345, 3.1336391144578783, 0.47527785595439237, 4.663392182252654, -0.6574815529062294, 4.653089168460874]
[-0.07610025053963648, -1.8867444714058592, -0.053659477253286486, -0.9985592924313028, 0.9777263748649893, 0.6318574884240725, -0.972441172659601, 0.749423629865597, 1.9089036554706316, 0.8571753587240557, -1.4117712831856033, 1.6348866066323584, 0.24313979702646707, 3.1934801359992337, 0.05047795951984445, 3.1460860822700383, 0.49077843614444605, 4.676419629931888, -0.6144962083573086, 4.6258648799238316]
[-0.06254732044960254, -1.788098175617152, -0.048385870172657976, -0.9988287178328599, 1.0397880930078507, 0.5305579116297873, -1.0192862871285013, 0.6656049868712832, 2.2094127339364866, 0.6613680939765806, -1.616530436724707, 1.3326199992277132, 0.3638200089327067, 3.09370018360931, -0.12695945010990975, 3.090587354042424, 0.5380364948496361, 4.595333461964905, -0.33810805825942175, 4.655581635365805]
[-0.0631438923744659, -1.8025100069997246, -0.03153830028433724, -0.9995025440763895, 1.2266390839273147, 0.4503182031753973, -1.1647317389895195, 0.4815804761462514, 2.4758514378591965, 0.36325980379777234, -1.8390765211763562, 1.0681766235067005, 0.5173200352413725, 3.012647718779442, -0.2952099719544828, 3.068305969504668, 0.5338961388084276, 4.6545629628193765, -0.27864168081616425, 4.746395876578403]
[-0.04030429482176688, -1.8896669550083274, -0.03232380030168673, -0.9994774494374832, 1.4262472401022752, 0.2871583961554346, -1.394306942233476, 0.3183300994904823, 2.564163860388467, -0.07520219784757945, -2.255255319259488, 0.6515632804300691, 0.5666014656048948, 2.9968639051380124, -0.3642392856047059, 3.0825799208232083, 0.6238161748837283, 4.3095919652206, -0.3949471953639497, 4.368486104161162]
[-0.02617523412452421, -1.8115903668188222, -0.028915757621678456, -0.9995818520567309, 1.5982479371428802, 0.0455010415021776, -1.658659812713226, 0.09342703451970862, 2.622519184828806, -0.5025108269213238, -2.580398869610711, 0.13819646813543113, 0.5993882495353156, 3.0913570635198786, -0.3862297276869105, 3.164079678910744, 0.7162171802625457, 4.432253613388366, -0.45433251447040396, 4.472855778292834]
[-0.016230058519339775, -1.8172571555211867, -0.02284420700017684, -0.9997390370524365, 1.710166176832806, -0.1771366962222229, -1.9123701345369044, -0.13067230281227962, 2.6539748325865538, -1.010262673529427, -2.815439519439338, -0.418791160827619, 0.6438490881367768, 3.1498896498327125, -0.432940760505372, 3.191842882738624, 0.8780871263479875, 4.55015587465138, -0.6420539682939039, 4.557966603506766]
[-0.008175113393372551, -1.825460543919964, -0.020447171942331144, -0.9997909347256358, 1.8633046560249673, -0.50688930108825, -1.9103593023929561, -0.4944332657535518, 2.5989885875514434, -1.424275543927584, -2.911914882688091, -1.0079955105833867, 0.6800764310223237, 3.1904779063674193, -0.5191041057117933, 3.202204486368926, 0.9955339610156317, 4.62225900146876, -0.7725140977239365, 4.656100309329425]
[-0.005286631761783792, -1.849361065495103, -0.016474181570230315, -0.999864291462392, 1.9798254790431336, -0.7794047692458643, -2.1369891579650537, -0.8296791481603163, 2.566760049355296, -2.0292518126888526, -2.9966321901867974, -1.7232907107881024, 0.7242993340169785, 3.2839997439630437, -0.6030813915093326, 3.230965137274206, 1.1771672529474138, 4.780449036733819, -0.9418878066274332, 4.798870671721989]
[-0.005286631761783792, -1.849361065495103, -0.016474181570230315, -0.999864291462392, 1.9798254790431336, -0.7794047692458643, -2.1369891579650537, -0.8296791481603163, 2.566760049355296, -2.0292518126888526, -2.9966321901867974, -1.7232907107881024, 0.7242993340169785, 3.2839997439630437, -0.6030813915093326, 3.230965137274206, 1.1771672529474138, 4.780449036733819, -0.9418878066274332, 4.798870671721989]
[-0.009156912718279585, -1.8740364681406863, -0.004397242997383284, -0.9999903320802767, 1.968768416166866, -1.4274367528146508, -2.1406044252478726, -1.6620401869424284, 2.304911283642631, -2.743825803771042, -2.705162257477146, -2.9760155389194436, 0.8491407337866747, 3.487612218429759, -0.8103847092409607, 3.5181927838327303, 1.4856099526352404, 5.124643853122972, -1.3453093644247536, 5.131078029648425]
[0.0008360503822233257, -1.8107187921949903, 0.006176060211972195, -0.9999809279582577, 1.686587654655661, -1.7055483447111848, -1.860985263566269, -1.883972355403236, 1.9208201334759922, -2.941201714230137, -2.081293499570015, -3.1980140991347508, 0.8064778197129431, 3.2900481458065434, -0.8506574414156497, 3.270670052835808, 1.4996677035446482, 4.757647614925171, -1.3513190786372853, 4.731933132790763]
[-0.09850690859744525, -1.8510129387761194, 0.04011033641714687, -0.9991952566503222, 1.5326561278837214, -2.072669317832989, -1.6325048812773055, -1.990820682460305, 1.6097585408092459, -3.358950932795166, -1.614043328867482, -3.641072658516616, 0.8201849552748571, 3.4772550157886557, -1.0115855921626533, 3.470795091037448, 1.609853732690036, 4.798240066305944, -1.604962173542097, 4.967955417605533]
[-0.2892989688653568, -1.7052316843854898, 0.12692716714179836, -0.99191203956871, 1.122434154130601, -2.053655314130431, -1.4663593414422191, -1.6619553753606, 1.069967060858898, -3.1435885995221753, -1.1772860040070858, -3.1506277236210147, 0.6186154830736892, 3.382198180140592, -1.0574689535263209, 3.277712094957475, 1.488776387556068, 4.484878449865659, -1.7097249866421107, 4.663529180974426]
[-0.09113277947273657, -2.1522027325142754, 0.01930849266464918, -0.999813573678123, 1.5329832537374952, -2.3572474390454037, -1.4011830900998263, -2.7841284675496567, 0.9992289204631675, -3.6886180205654826, -0.7120930636169742, -4.296065770572085, 0.8902672756492295, 4.114940825085017, -1.0332113591980903, 4.132403912722068, 2.156974151534099, 5.372063145319427, -2.160015567853966, 5.60134630703574]
[-0.12653784314154712, -1.9924891687276263, 0.056590919312968835, -0.9983974498421524, 1.3306642612807975, -2.3512731904306605, -1.3874294625551975, -2.752854716901692, 0.4159239894803798, -3.8025823401021555, -0.7294169039686601, -4.1319893181311045, 0.8738852437405069, 3.8477271386516425, -1.0712072416463698, 3.780102306865748, 2.0755186165467387, 5.064981061219447, -2.1492143587265997, 5.168912952060704]
[-0.08952608080170252, -1.9296436932302394, 0.009655843081140062, -0.9999533812605428, 1.3783254256106168, -2.146219741377251, -1.3165650799891477, -2.5705651497682287, 0.9986677755529993, -3.469599691167232, -1.0910600826232049, -3.745644953400794, 0.8913121516868304, 3.7626798528134, -0.9711827239093368, 3.6860525931593666, 2.03815251799476, 4.925879988940032, -1.9791945001051634, 5.053588208971954]
[-0.1695805885972936, -1.8300468824734881, 0.04222465386920259, -0.9991081415971076, 1.374412738051343, -1.9381674517709033, -1.5327906342594502, -2.2804591800355074, 1.373676741721886, -3.218459522034938, -1.5020029488721585, -3.806214525350531, 0.809554018603718, 3.399796706396546, -0.9882859613102043, 3.3979411333447964, 1.6754265848536185, 4.605070795178686, -2.0247524395702565, 5.170024852037815]
[-0.11857274729853534, -1.8274235634814535, -0.027342243787573633, -0.9996261309633021, 1.7097221059403689, -1.880427274842597, -1.7216862035402374, -1.8398281082996704, 2.026092012677554, -2.9637072811284684, -2.048999782058948, -3.3663024733533318, 0.8403527851217703, 3.3403892557555595, -0.9475286130677599, 3.461788921409492, 1.5779646919418013, 4.793388620794131, -1.4474775843801735, 4.920196265193843]
[-0.09336894116895145, -1.7979731621449477, -0.014743674091725908, -0.9998913061299599, 1.9267627824890956, -1.5612752001250412, -2.022950871261714, -1.6215224314332375, 2.3951050384757293, -2.579686378439883, -2.63563533725432, -2.7333359320694166, 0.8550705027444758, 3.418797781416672, -0.7847077230725088, 3.4232758768475677, 1.5114034878387608, 4.905996004788709, -1.2931175035013254, 4.890946446781083]
[-0.10332114766214484, -1.788970299719338, -0.016192060682683956, -0.9998688999918182, 2.041239647567296, -1.2083496569826302, -2.099787953754545, -1.1679196956115194, 2.7941764009325842, -2.461973888500468, -3.075619860363366, -2.228917346119012, 0.8797027954282066, 3.4399920142814104, -0.7143769207299585, 3.432321515796411, 1.4179244275099325, 4.9829824339297, -1.1570555527623967, 4.9806394319534935]
[-0.09014309791208686, -1.766614019500828, -0.01692722419554987, -0.9998567242765503, 2.0582942585905406, -0.9135521712679733, -2.101352262971073, -0.7763410574585372, 2.918143783116277, -1.777995165281282, -3.287024360169779, -1.6296904565556423, 0.8367840481717568, 3.4399288059006583, -0.6641038266493627, 3.380695914232716, 1.2312991645830824, 4.959338470758899, -0.9785205460136474, 4.972980245235566]
[-0.11018814301750535, -1.7802211282945355, -0.009759096809945763, -0.9999523788808415, 2.037622338486825, -0.5152583027626303, -2.0925413351207007, -0.4627766497859337, 3.1170617317263543, -1.329690708559488, -3.1113588164886488, -0.7056631069157575, 0.7864684231540774, 3.3891160183188895, -0.5804369814292166, 3.3155882033899844, 1.0406184328506167, 4.946473745157355, -0.7660799615090995, 4.937103224264359]
[-0.07156506509385217, -1.8277999102316396, -0.013172187804536398, -0.9999132429708301, 1.814393963747565, -0.11460559219014638, -1.9187474440018129, -0.10949259679349045, 2.9921942392537932, -0.5883139102067919, -2.93912556697362, -0.011944382034630968, 0.7129274084483938, 3.3098465794895655, -0.5496550608934407, 3.3382105904884005, 0.8549026212120766, 4.978737622989089, -0.592908411786538, 4.96307822458546]
[-0.07328028462494765, -1.8311411604397443, -0.011336131498248053, -0.9999357439969103, 1.841579788168881, 0.22445551125637256, -1.718270321179626, 0.16842979094425045, 2.941636863536208, 0.005719326249395196, -3.054102374395683, 0.47820348316376327, 0.6441120801632902, 3.3262979124338417, -0.4706496042464961, 3.359426861481445, 0.7232872380146281, 4.984713114735338, -0.4380653414440448, 4.976028893734233]
[-0.06368203967723389, -1.8291659039010866, -0.009343924522705032, -0.9999563445843594, 1.4766954228880511, 0.4554429984690708, -1.3973775999545461, 0.3021728810667116, 2.854950547183393, 0.4614747766223567, -2.1020231778489027, 1.000105896512934, 0.5598184359570235, 3.272390670754705, -0.4037695099624443, 3.279470348226001, 0.6406764223276178, 4.846658357059188, -0.31610536328722094, 4.867009984284045]
[-0.02440129861966517, -1.8292712037980647, -0.004929184455893269, -0.9999878514965068, 1.2274808270911872, 0.6008028802865677, -1.1828114270264176, 0.4748072071173652, 2.5303835731801945, 0.8287804348955093, -1.7808052487416877, 1.2482338130689898, 0.3600082890043272, 3.3369416344118967, -0.21328643178367332, 3.3201308992530953, 0.501456755881838, 4.64888691290672, -0.26598011895281454, 4.643552921516425]
[-0.013625525481876365, -1.8353208476739382, -0.015706751750125116, -0.9998766413660537, 1.0165003766138603, 0.6991485113571604, -1.0687121118236438, 0.7402907962912926, 2.1058149554749557, 1.0181118493416843, -1.8988732906400423, 1.7035050649252388, 0.14587212702262517, 3.370022844961261, -0.13919311205984394, 3.384088890816319, 0.4316521146125918, 4.631407227413523, -0.21086918655783868, 4.69331237431883]
[-0.027079997057780462, -1.8511171936666575, 0.005682839548223685, -0.9999838525369642, 0.9096852767620542, 0.7263730218470138, -0.9500551933112307, 0.7940972964160791, 1.892572032801629, 1.0454675216975695, -1.4686598469699297, 1.6737649402179287, 0.2398590005349015, 3.4525868868734264, -0.13250624091875488, 3.4555826599833575, 0.5227196783942979, 4.671399482598701, -0.27594630368598516, 4.674566130870167]
[-0.03729978813867179, -1.7886396262215276, -0.004460105663659187, -0.9999900536792699, 0.8594448291545455, 0.688432372116545, -0.9147217628847548, 0.7891171896204052, 1.739491918354052, 0.9802019863223919, -1.3690166719433854, 1.7233880091971872, 0.19099164970112364, 3.2506127032450647, -0.12802784316340915, 3.344317929639624, 0.6581662020475583, 4.502822157293021, -0.024422385057501605, 4.688528060109284]
[-0.04727151292288164, -1.8301917292463805, -0.012305095096568876, -0.9999242894512886, 0.9198065921127223, 0.6577338211611579, -0.9040155410228478, 0.7973150895506589, 1.7821000734839778, 0.9393622964153128, -1.4128540792411473, 1.735768535466733, 0.14563628094540035, 3.3672527159690504, -0.10505247727979726, 3.433030400695831, 0.04012721925813326, 4.752362462282089, 0.009140032073180222, 4.807395900430391]
[-0.059771027236406093, -1.8219249721981179, -0.0248878300366079, -0.9996902499854987, 0.9679623772294841, 0.6107973670089054, -0.9257813059686407, 0.7982073864458222, 1.9123385038915803, 0.8328618441599923, -1.463908311052253, 1.6059574703302821, 0.145053124738638, 3.322200048079797, -0.08398530953396988, 3.4269065489759996, 0.011346763648842394, 4.749218176247837, 0.03698964541089178, 4.80394619538409]
[-0.07330385432208475, -1.8017152426500116, -0.04617033287286134, -0.9989335815570568, 1.1256203317273135, 0.5521514325865164, -1.009541382987463, 0.6613485929748938, 2.1628206743539526, 0.45792963014420135, -1.8581084823621954, 1.3034202033685673, 0.19312687197132983, 3.2813260267229865, -0.06983123837682288, 3.415500748923929, 0.8391922359887076, 4.50818495646615, 0.051248927580259965, 4.790228996306598]
[-0.08160736991232664, -1.8160931629342085, -0.059255327441431624, -0.9982428593132078, 1.2465088117017942, 0.378989628408562, -1.0742672340688704, 0.5558509282460813, 2.3162384141908934, 0.19763707701341407, -1.8552673907978334, 1.0655145021858266, 0.5858306923805059, 3.1853288812375187, -0.22089401834418432, 3.0229989738075864, 0.6649938878675149, 4.751287412315185, -0.12771617869842336, 4.745272801532594]
[-0.08485026258482845, -1.814683706654813, -0.06444983264312718, -0.9979209483081679, 1.4887271580187513, 0.19733326857858555, -1.310266465245311, 0.37536271805611565, 2.532549378854961, -0.33544493793991526, -2.5151032535159343, 0.5557396084022774, 0.6370526130387617, 3.0104848026059567, -0.24161529149698333, 3.05523719435901, 0.7351181469371258, 4.723291371630531, -0.20243767290723982, 4.676363537242992]
[-0.09259547515484624, -1.8345808320863373, -0.05405715737849207, -0.99853784291641, 1.8286135392049079, -0.0900786346552846, -1.611264346915815, 0.22373157283798673, 2.6161736073138617, -0.8411015662130211, -2.6226186107645324, 0.11795556052715794, 0.6726345607320345, 3.116047135559534, -0.29077575652052084, 3.1824658624469784, 0.8335125181153787, 4.419144360407674, -0.2935679560577585, 4.461730357010556]
[-0.11756395697250548, -1.9275518146610655, -0.04441273075342665, -0.9990132678533472, 1.79060211067373, -0.35272257031523585, -1.8822799142913091, -0.053829310206820184, 2.652477868282407, -1.3552688898386756, -2.8949291695204185, -0.4628499658460219, 0.7521424424671478, 3.2024787214848716, -0.3311166920686738, 3.2843127320790937, 0.991578400880945, 4.574038353364871, -0.4592149673339131, 4.643370231830708]
[-0.12295096254348999, -1.9210368663679958, -0.040751309722205725, -0.9991693203636333, 2.131678742581957, -0.8356156884134793, -2.000162488846016, -0.38212716370340816, 2.614030345627127, -1.92184131163717, -2.9958327046199744, -1.0753903163379828, 0.791244962563648, 3.2860801357495237, -0.41809430734991226, 3.274254673170067, 1.1363973023993261, 4.718805076882166, -0.6078319143440745, 4.772983438794788]
[-0.12909230581827535, -1.9416308553768205, -0.04108144288282785, -0.9991558011895167, 2.1562615096530413, -1.1073249994244407, -2.143714427105199, -0.7008702108463353, 2.591199600456758, -2.3704529217693975, -2.995223721830674, -1.6880214111406424, 0.8693872373481568, 3.3767643903265845, -0.49612655991518106, 3.360739256663043, 1.281308202335894, 4.890233308395236, -0.7360550399435828, 4.937158496120951]
[-0.12373153314474031, -1.8975933948246133, -0.040478446281937704, -0.9991804118309167, 2.0765958523002697, -1.424114905453893, -2.1236925865818015, -1.0369534742302509, 2.409071698737671, -2.679093531360611, -2.922489981779102, -2.32136330074341, 0.91879875713321, 3.39579397821446, -0.5524059513912313, 3.406735000012818, 1.4338409477739753, 4.9447325980134424, -0.9407772466796024, 4.980906011315078]
[-0.1524382723000942, -1.9548290967083823, -0.02863105768332941, -0.9995900472373331, 1.9888128871786095, -1.8775846898943938, -2.1662320461591666, -1.5360318224502791, 2.2884071872906535, -3.1683824858056386, -2.8092303206733824, -2.898650311693459, 1.0416685850099072, 3.5905625188676216, -0.6909705076731097, 3.5899987813305754, 1.5924876420819276, 5.197991477421938, -1.167446363651582, 5.213402333841796]
[-0.1753054411951224, -1.7923045701626599, -0.04311764846541329, -0.9990700017470313, 1.5268408938270495, -1.916683069247634, -1.7263986405206866, -1.5626338468851872, 1.7169047768048613, -3.4248757118429163, -2.1814366418392237, -2.9881393840833486, 0.9430249287772181, 3.166858895452522, -0.7075845274152667, 3.211407618220459, 1.5267106381902726, 4.6130030390153385, -1.200786180183735, 4.5700433989934774]
[-0.2520304346579624, -1.831411099967685, 0.0003603470840477967, -0.9999999350749873, 1.2655604951298416, -2.0869288615393313, -1.6671925516406305, -2.054094759203471, 1.3932563368481519, -3.6362652580082915, -1.780618999288148, -3.4066897142391612, 1.0792804703476366, 3.2465656898396964, -0.8079070760826734, 3.306235912898576, 1.665488838313403, 4.616778815826956, -1.5130144692904295, 4.677122139292792]
[-0.323453933704703, -1.834615334763158, 0.0026482997786584366, -0.9999964932479924, 1.2122073181599606, -2.4463671104412863, -1.5968502744630373, -2.1839452578359766, 1.036604000030741, -3.6556114675954716, -1.3230097419820521, -3.802115703837558, 0.7237870406429736, 3.5175577598225605, -0.812536329870752, 3.4506470408571976, 1.7990137319845656, 4.703595848797319, -1.6651106883215376, 4.832043214698174]
[-0.3203536058084138, -2.2540813372175297, -0.02324855749897362, -0.9997297157603234, 1.3998618304221726, -2.5931189385889337, -1.632684520697295, -2.788718368035323, 0.8432405418363897, -3.9098846529967, -0.9012619004644876, -4.510814682046503, 0.8597972336397323, 4.114523166312155, -1.2952642507107988, 4.306790517158598, 2.2393209539530754, 5.426222636029223, -2.2380419371454665, 6.164212838764361]
[-0.24245101046169884, -2.205349546481707, -0.016194950139730865, -0.9998688531952435, 1.3732798362292538, -2.5519933886688655, -1.5904545100980103, -2.57943275799793, 0.3186268506621577, -4.090962351240744, -1.1146926266967607, -3.8441959972645434, 0.9247934508707472, 4.078683503782015, -1.291037265018495, 4.255511191250635, 2.255425113485302, 5.417444239298177, -2.2720873507056774, 6.094436948131879]
[-0.224700590720405, -1.9773773789126443, -0.020189626313384806, -0.9997961687210678, 1.296018400075612, -2.287393222348607, -1.5432882347374473, -2.477492325724163, 0.8683542731542819, -3.5463246756238407, -1.154533184224936, -3.687423693821586, 0.9105460545437617, 3.828123898941369, -1.1794065738841895, 3.8814468171435985, 2.047919104636904, 5.150199905919278, -2.068708060254493, 5.761458397516296]
[-0.24917580778144968, -1.8760043920229148, -0.015171313302002533, -0.9998849090033775, 1.2686409723456187, -2.0200052404198954, -1.5995999358378208, -1.9039184006639664, 1.2333009953551752, -3.3742976434470298, -1.547492335341673, -3.3744681182724015, 0.9089511325853386, 3.523077954472006, -1.0195455166203422, 3.544066088997111, 1.6707001340300003, 4.8311970932505695, -1.6080218971544105, 5.05444972005128]
