[-0.11935519990905408, -1.8145642417130476, -0.047111171073104245, -0.9988896523441019, 1.6197610086681389, 0.05725704083563398, -1.4622707299216575, 0.2174663458243053, 1.3411945538315584, 0.7757619391501803, -1.3804937667247175, 1.0872962846748533, 0.6415894541468207, 3.8100530258909857, -0.33524715453659754, 3.779811114640786, 0.5036324934125194, 5.451662704092938, -0.2366520578069154, 5.384525756169893]
[-0.11647411514454449, -1.8160695671986906, -0.04764993771525165, -0.998864096579576, 1.6180121624918398, 0.055509579745142985, -1.4623767334134012, 0.2175198346140998, 1.342401898969566, 0.7766776373142669, -1.204031242523404, 1.0115693315466703, 0.640381517739239, 3.796368748962437, -0.3373084018209353, 3.7776312196219948, 0.6095840609159817, 5.261967312004238, -0.2394183987715013, 5.372495888149575]
[-0.11580362720179943, -1.8137468434338175, -0.04752804800034449, -0.9988699037678914, 1.6179691501783897, 0.05721394001968937, -1.4638833755220038, 0.2199290610752258, 1.3421546327866902, 0.7783383131034769, -1.2035205940069567, 1.0116730260243445, 0.6395159750923839, 3.792649560989807, -0.33987030758667003, 3.7778296644639786, 0.5745124263896524, 5.333566634877454, -0.23863800600827878, 5.36534253003069]
[-0.10886302736023795, -1.8208933056320864, -0.046504545748341196, -0.9989180783351257, 1.6183561601714438, 0.05903027209576155, -1.4658643039502246, 0.22273592073340912, 1.342633486706967, 0.782678886678679, -1.2057356987143864, 1.0150530204542179, 0.6394553096362399, 3.797202726415493, -0.34226362087353174, 3.7814116428339632, 0.544251974038903, 5.385359714890278, -0.23508535630240143, 5.370264290107156]
[-0.10663945303282324, -1.821544990368619, -0.04565233872300885, -0.9989573884651536, 1.6180974509261796, 0.060224602590126096, -1.4685494601802687, 0.22160151188718705, 1.342167771016131, 0.7833421773642177, -1.1144485644647828, 0.9468294060155272, 0.6393219772896351, 3.7987536464476834, -0.3467614222439354, 3.779700764154895, 0.5426578394797275, 5.389677405469158, -0.23722364472912721, 5.368369649315899]
[-0.10720871263849405, -1.8197486405609944, -0.04459659225421558, -0.9990050770438113, 1.6125236104348764, 0.05988059972048707, -1.4720160435140044, 0.22170980750148653, 1.3409023355310266, 0.786122845427395, -1.2153434730374983, 1.0097389050204404, 0.6382773760840338, 3.7988509089807825, -0.348744297602598, 3.7780213074017053, 0.5363424795395385, 5.394993916001129, -0.23841892286832356, 5.364787085988444]
[-0.10498091160738388, -1.8200623567202052, -0.044079368610351395, -0.9990280322708232, 1.6119703969232488, 0.0597571198740612, -1.4745874984921408, 0.22064618070853148, 1.339886221373637, 0.7862002628608259, -1.2155014362968466, 1.0083788703194958, 0.6378358880363, 3.798833638988719, -0.3515714700449419, 3.7779569462154567, 0.5331015231470162, 5.397477771873735, -0.2370431361810446, 5.366248998578461]
[-0.10465451284552293, -1.8186754412975061, -0.04344116308152788, -0.9990559870948795, 1.610679361981207, 0.060339410255572906, -1.4781837246808422, 0.2206351339313702, 1.338339070749901, 0.7871340607845473, -1.2153962256075492, 1.007764771263237, 0.6360223882349886, 3.795735298696272, -0.3542072888483971, 3.7776719493099065, 0.5399759856268339, 5.341643956199623, -0.23728260565677317, 5.364683511476052]
[-0.1038686751950958, -1.8159858546722258, -0.043434315800019496, -0.9990562848063088, 1.6107124914764408, 0.0603103562678808, -1.4801810893598548, 0.22127758624944613, 1.3373227199821967, 0.7878500511623424, -1.1166219411729321, 0.9558829021402301, 0.6356325111154753, 3.7958551371634752, -0.3587286752400997, 3.7746347914080958, 0.5401060211481611, 5.345556460565105, -0.2375260263039985, 5.3445476282415045]
[-0.1038686751950958, -1.8159858546722258, -0.043434315800019496, -0.9990562848063088, 1.6107124914764408, 0.0603103562678808, -1.4801810893598548, 0.22127758624944613, 1.3373227199821967, 0.7878500511623424, -1.1166219411729321, 0.9558829021402301, 0.6356325111154753, 3.7958551371634752, -0.3587286752400997, 3.7746347914080958, 0.5401060211481611, 5.345556460565105, -0.2375260263039985, 5.3445476282415045]
[-0.10268287699412659, -1.814822027980691, -0.04321949375929971, -0.9990656011289698, 1.6075634838376416, 0.06005211675234577, -1.4823229338436825, 0.21948897387842925, 1.3336030199045388, 0.788249121556615, -1.2274611663742026, 1.0088824193147587, 0.6337458104909132, 3.786451096059796, -0.3610011915337765, 3.7721728221037685, 0.6038698791784974, 5.263705903633028, -0.23943202906830627, 5.338448653162317]
[-0.10221021698693368, -1.8121278054438061, -0.04329125413386714, -0.9990624941991952, 1.6069526073702631, 0.06099282510490388, -1.482390377522959, 0.2196077502808116, 1.333539698971495, 0.7892330092603695, -1.111022106886307, 0.9443803643667333, 0.6335573115467729, 3.784641528964775, -0.36103937904942973, 3.77061511451109, 0.5649988197203908, 5.339861146083188, -0.23823880266727124, 5.340777811236627]
[-0.09675351406832687, -1.8127427917448882, -0.04297522849387854, -0.9990761381075514, 1.606413700655722, 0.06162057824806166, -1.4823908833724855, 0.2198585933381585, 1.3322966519236183, 0.7886886561060217, -1.113027405361836, 0.944218636435106, 0.6317556474306981, 3.782033678568857, -0.3623435023821047, 3.770646558713327, 0.5948660472176829, 5.2863258350607385, -0.2364775184091463, 5.343265817466626]
[-0.09819007093072775, -1.811415873706949, -0.04284590787922428, -0.9990816924446194, 1.606490324781146, 0.061610047140023674, -1.4813021414089484, 0.21967564561818198, 1.3313915134485714, 0.7888836964647344, -1.112538975151835, 0.9440595992164686, 0.6315227806287362, 3.7808455047458565, -0.36253926462927283, 3.765477119752406, 0.5840183844874942, 5.295158947036983, -0.2348716160238703, 5.341280162768059]
[-0.09800325658900806, -1.8081938534345734, -0.043650323846418475, -0.9990468703860209, 1.6082472964836991, 0.06224230241169175, -1.480333964635407, 0.21607631678183947, 1.331985447716738, 0.7887054375259003, -1.1130882245545457, 0.9434063886026841, 0.6317710088498959, 3.777089682483521, -0.3612046259711567, 3.7663292415148355, 0.5839038935164348, 5.296965047392214, -0.23373170351792683, 5.341692419599341]
[-0.09723353353399361, -1.8078055295409647, -0.043572032854706684, -0.9990502880000128, 1.6095669541940292, 0.0621039934676394, -1.4800084737034407, 0.21638323116287947, 1.3318175060398103, 0.7885899036049888, -1.1127712576487703, 0.9437552629318614, 0.6328967825375471, 3.776248860181945, -0.3608209346025234, 3.766660214968906, 0.5797030460054455, 5.3059218227136045, -0.2307912428265517, 5.338249458876888]
[-0.09231788525177917, -1.807419115811839, -0.04451763759559392, -0.9990085985330193, 1.6107772285376352, 0.06266587592498345, -1.4769941575445298, 0.2143772813065948, 1.3326814828933033, 0.7890077543234038, -1.1191347544690633, 0.9402452217533936, 0.6330857853512439, 3.776438405000179, -0.36016562492100657, 3.7619597343250093, 0.5799223494494552, 5.3054716031815845, -0.2300469591634897, 5.335655506860352]
[-0.09051154732168266, -1.8068828991482695, -0.04618470317612684, -0.9989329172634833, 1.6139355589829558, 0.061129098494154835, -1.474995691792844, 0.21357029781734355, 1.340038203562309, 0.792107295685295, -1.1340211536459037, 0.943468492215183, 0.63717363910489, 3.7786607585661223, -0.3564601007387807, 3.765409688923641, 0.5481279626507604, 5.369169825158288, -0.23935563171196927, 5.3068443127395515]
[-0.08900911939589841, -1.8052944010331398, -0.046246529305415986, -0.9989300568744557, 1.6114394540332546, 0.059679152772169494, -1.4767861505252233, 0.21218740356625845, 1.4430619317685132, 0.8546274075928363, -1.1913219109254558, 0.9777023936628526, 0.6374036881654449, 3.7810288918671286, -0.354726530989752, 3.767056636367522, 0.5448125060472506, 5.381738710679487, -0.23671808749860695, 5.31768038656781]
[-0.08539159723197148, -1.8065366347033074, -0.04794302385118295, -0.9988500720648744, 1.5985265993993307, 0.05953666553769509, -1.4728759457327765, 0.2121774873240342, 1.512919042299541, 0.8750711783560958, -1.3756833225766096, 1.0654285039553701, 0.6412546129968621, 3.785430471690705, -0.35168484740127604, 3.769344734576346, 0.542205185080473, 5.394720487955868, -0.23228292783786603, 5.325058519485408]
[-0.08304773205818913, -1.8088916526403946, -0.05085918407235746, -0.9987058342652726, 1.5636873678953729, 0.08097705571724646, -1.452923164640381, 0.22336087521500317, 1.5858658562109906, 0.9173220526115134, -1.4185948903424157, 1.0855782222374109, 0.6458188960227478, 3.786120780005543, -0.34951116310302116, 3.7651058321191444, 0.5390509962262514, 5.4030227382122975, -0.22595891710778895, 5.325889198358643]
[-0.07999017700246941, -1.8092314397922862, -0.0508813784467277, -0.9987047037675155, 1.4993970579416187, 0.1753660995335026, -1.4138525555479522, 0.3044300378721619, 1.636460357730159, 1.0016539624943612, -1.4564623997469182, 1.16102658916061, 0.6461808205937737, 3.7851425660669804, -0.3495972665036673, 3.762034136355638, 0.5394803547178368, 5.399451442333228, -0.22381580456465064, 5.322140253071195]
[-0.07704133520995812, -1.8025912824916954, -0.053345609278242966, -0.9985761092529367, 1.4456807980483024, 0.307252280605846, -1.3673998767257298, 0.3971909546575449, 1.6051918760065103, 1.3368995129540124, -1.424974326859479, 1.448503915520444, 0.6466294036572627, 3.7723098942981914, -0.34424749782532243, 3.747989752813036, 0.5359876544344675, 5.388592356624244, -0.21403208457835132, 5.30415531883478]
[-0.07679723785907437, -1.8015453126029028, -0.054267074058401386, -0.9985264566715998, 1.4036057776926805, 0.5188488194823149, -1.3223002485488777, 0.6215725243374096, 1.632434482034817, 1.5884011582941777, -1.4459907487027668, 1.7473618750348814, 0.6437756300052682, 3.768012629910845, -0.34007911780297334, 3.7436125382698635, 0.5306712026678062, 5.385156478011905, -0.20794326761206464, 5.291040882886725]
[-0.07752673058876938, -1.7992358575770153, -0.052170109678704335, -0.9986382125955886, 1.3415790725770882, 0.5863380018157223, -1.3112052864197936, 0.7048272640443582, 1.6511270682756032, 1.7492231483003748, -1.476242295914784, 1.8843265896890815, 0.6408044055961626, 3.75501016820439, -0.3353885697719579, 3.7344943261348806, 0.5227002402104649, 5.377681628076997, -0.20410581846793407, 5.278176467020099]
[-0.07551124486141321, -1.7982957217647773, -0.05190326929036581, -0.9986521169240928, 1.2887640805164007, 0.6382976988352875, -1.2143562304549986, 0.7639432435800093, 1.651433623341417, 1.8077121497083934, -1.4816010393981063, 1.9443051810758136, 0.6387675598123898, 3.741292851991575, -0.3316881691882255, 3.723833583961178, 0.5238960038910688, 5.352459401994457, -0.19552129359029644, 5.262208034940941]
[-0.08090021884032422, -1.790624290266707, -0.0485869538856905, -0.998818956524209, 1.2167993623403754, 0.6986186581503528, -1.140610666938404, 0.7933505739537688, 1.646814296852407, 1.863191831450269, -1.4792068390494921, 1.9740377060292225, 0.6338734806241175, 3.7022812575672783, -0.3270355208847534, 3.692671191220885, 0.5183701564623259, 5.2991427109103375, -0.18877653781715473, 5.223670560496467]
[-0.08197001126854275, -1.7879725113738558, -0.045947942971170525, -0.9989438355266617, 1.1956262397212702, 0.7220206718012786, -1.1221632509508765, 0.8097924503080722, 1.6213553058024988, 1.8761333517687673, -1.4670486478598121, 1.989490758249069, 0.6321247508008828, 3.6811507933758825, -0.32714683244327314, 3.6723447471010355, 0.5190391290587981, 5.260273753798876, -0.18369125628516145, 5.18691451546882]
[-0.09034712378378419, -1.7882024601329078, -0.04367619083136649, -0.9990457398710342, 1.1709778292455482, 0.7407862148240121, -1.118933885720289, 0.82135935548095, 1.577003668602514, 1.8785058111962547, -1.4391166837897087, 1.9414988450502546, 0.6299749845323797, 3.674422896020179, -0.3314831933791017, 3.666201645789371, 0.5178546004413456, 5.240567337601735, -0.18387217115563065, 5.1758432706347355]
[-0.09173842654680638, -1.788978124527204, -0.04368926250566001, -0.9990451683190863, 1.1702586597841744, 0.7498133845265821, -1.1112166284444875, 0.8338094836656801, 1.5654235981698288, 1.8832954571991691, -1.43033571953922, 1.9682706009378388, 0.6320810703782539, 3.680567410469076, -0.3308645403029851, 3.6723742535641115, 0.5196315577958082, 5.231229436955414, -0.17634889347593333, 5.177486332598476]
[-0.08862877066170213, -1.7890881244683123, -0.04267544910006378, -0.999088988050668, 1.1712617307305782, 0.7540086405416155, -1.1174825637384174, 0.8381666933416348, 1.5567039203956587, 1.8914737381738087, -1.394372521147825, 2.0355876647067968, 0.6376318590136928, 3.685778427997323, -0.33007692281466505, 3.6700403430328197, 0.5183939825984097, 5.242213613148461, -0.17361881010599597, 5.175303353258779]
[-0.08586992915128333, -1.789100912171544, -0.044512745448703234, -0.9990088165239679, 1.1802763726160657, 0.755212731182893, -1.119209585917632, 0.8478868724208218, 1.5413741749259515, 1.87375820017879, -1.3697752712114315, 2.020032408569468, 0.6579277316349681, 3.6884639984175904, -0.33296167159912393, 3.6672092927564113, 0.5379984920731039, 5.2391823682492475, -0.16903863929024485, 5.173411335366971]
[-0.08785550433822119, -1.791174839539554, -0.044305060021029345, -0.9990180487141026, 1.1834880630025053, 0.7554811346388174, -1.1307331506424647, 0.851588497687891, 1.525059842199788, 1.8914574478850963, -1.3394216388769493, 1.9658194006386382, 0.6795394943691155, 3.679660171959127, -0.33789407526305587, 3.6639661542967605, 0.5526544892926002, 5.239273664285713, -0.1669028859531971, 5.172284324763653]
[-0.08690245865327517, -1.7893350161013963, -0.04451013964122691, -0.9990089326272906, 1.182431811289482, 0.7422057524687239, -1.129424966994513, 0.8558885639031829, 1.5116158159237072, 1.8956424518136419, -1.3004268287279936, 1.9817970709726056, 0.6990827983506189, 3.6711024496157125, -0.337911034067463, 3.66023801908372, 0.5719253981152285, 5.240838233155443, -0.1652964177442002, 5.16828841109117]
[-0.08760079904448757, -1.7882445654319743, -0.04484727089915936, -0.9989938549825507, 1.1853383990253459, 0.7470879618210576, -1.1297644276337104, 0.8551948220850643, 1.5088003684060172, 1.900111857340274, -1.2719654127407927, 1.9862092652825352, 0.7097959478897073, 3.6675502370606656, -0.3365978600800147, 3.6577251529393187, 0.5794314099909718, 5.241763408731951, -0.16856110108641614, 5.173074772861599]
[-0.08939029519960467, -1.7904404979294528, -0.04640319193591074, -0.9989227917002189, 1.185904199129593, 0.7424873795111684, -1.1149144046114337, 0.8642845551917253, 1.5133424441725172, 1.9237992916256157, -1.2358690719114453, 2.0063451024817684, 0.7189729793117388, 3.660785608442683, -0.3345766471772996, 3.6592169523442295, 0.5976080225678384, 5.249847874485641, -0.1668142587360091, 5.173934758814118]
[-0.08931355524760728, -1.7909742363553334, -0.04714891919277203, -0.9988878712943478, 1.1887985912076575, 0.7569444549014422, -1.0988658388355952, 0.876550166252061, 1.5122376313503596, 1.9204447057449638, -1.218596825557258, 2.002781882782081, 0.7241460271981769, 3.6545326793649986, -0.3341355416105219, 3.65491881450399, 0.6180879221339608, 5.252082033129886, -0.165434829941816, 5.17037487205426]
[-0.09016638359196862, -1.7952000075203993, -0.04923266407479736, -0.9987873371184168, 1.185293577068335, 0.7498915879332216, -1.091859840021662, 0.8830085232687427, 1.5134117698399394, 1.9174924043295547, -1.201586353893499, 1.993236692982152, 0.7304979971707287, 3.6858632348399576, -0.33468401650095264, 3.64951007071269, 0.6435107447647781, 5.268976167734982, -0.1690092043765291, 5.188249251430142]
[-0.08447175560421759, -1.79730747446602, -0.05114252962614938, -0.9986913645683727, 1.1886078355370797, 0.7712383892797601, -1.0643126907845224, 0.8837855394239383, 1.5038735343247354, 1.9038863497759129, -1.1952852787293062, 1.9823423886055147, 0.7281778662197633, 3.6898846770003924, -0.3466370620588848, 3.642626407439729, 0.6488966489091469, 5.272049073268833, -0.1719247066613171, 5.178998793961443]
[-0.0928326818137367, -1.7993616882496972, -0.05228086670149543, -0.9986324203514226, 1.1822008930423533, 0.7727478074971142, -1.057170597410873, 0.8751436004355048, 1.4833184666862984, 1.870941019817689, -1.1870775163529672, 1.9550952330399631, 0.7060970306931824, 3.6505824796472304, -0.3775658434128188, 3.6154229911778466, 0.6361082127641919, 5.2244384376146735, -0.18473021864180342, 5.118642105116374]
[-0.09231474377712498, -1.804613991904553, -0.0480351725817337, -0.9988456448295917, 1.1948238994211462, 0.77103287263237, -1.0551490868316757, 0.8616599577311767, 1.4933915154278177, 1.861569466340064, -1.1726103331059856, 2.0076580548975227, 0.692351273632704, 3.616419483504286, -0.39815531166113194, 3.601855338254672, 0.6186209922581627, 5.171418232585593, -0.20326574462995012, 5.075606047861067]
[-0.09233385665342567, -1.8032317585319908, -0.039646818931586295, -0.9992137557843197, 1.2083120337843245, 0.7814723433840335, -1.060918621957502, 0.8832699651656152, 1.5051043182711572, 1.8703440245041631, -1.1839762280550215, 2.040709271488049, 0.6821588258824831, 3.6091713192567867, -0.4298755249130139, 3.587464442993667, 0.6032400290412485, 5.157163737324695, -0.23448508741043084, 5.072478948452237]
[-0.082833718914073, -1.7998852101052505, -0.035225332644812805, -0.9993793953949932, 1.217570092110538, 0.7803352980680612, -1.0608357553908856, 0.8767688056837359, 1.5034644675649413, 1.8830811681944708, -1.188841789404864, 2.0026657880074, 0.6795553536905572, 3.5948827124040617, -0.4492908123537415, 3.564470002828189, 0.5944731729720475, 5.145133735870843, -0.2500734772848788, 5.062255938586086]
[-0.08541390728367024, -1.775263625808429, -0.02583994227165607, -0.999666092944738, 1.2087072836130386, 0.7982429790390438, -1.0648365097455523, 0.8629486651553762, 1.4888543463324533, 1.905847132039226, -1.2082894522316905, 1.9589852355532125, 0.6756192884547408, 3.591147600031439, -0.47999982837936683, 3.582729234412211, 0.5919957144299476, 5.173523749528788, -0.2943463988708, 5.073176019759989]
[-0.09175888792173556, -1.7277588278336362, -0.018656363418356015, -0.9998259549061538, 1.194957357832327, 0.7984224620178089, -1.0571040330965498, 0.8376403218416812, 1.466635693076392, 1.8977691181813998, -1.2061649324658135, 1.91000053186309, 0.6670518710449341, 3.599104250627822, -0.4890428212013716, 3.568234713754956, 0.5896737775226318, 5.152388745265404, -0.3231151215295205, 5.091961177022839]
[-0.0639243517543518, -1.747281563142169, -0.026014450963371308, -0.9996615669020563, 1.1450940735113302, 0.7072564964807538, -1.0587283787048047, 0.8197531597501516, 1.4813197927888895, 1.9291890113438928, -1.223764645783135, 1.9261430091733196, 0.6822057507482318, 3.7275056155817463, -0.49248399552645433, 3.668364600784675, 0.5916287725637639, 5.336086097528817, -0.3526070178964665, 5.26014055809365]
[-0.08078172743719894, -1.7356502798635067, -0.020619046126490716, -0.9997874048700722, 1.1094689278573167, 0.7158778926336286, -1.0447056071889207, 0.8438258048366244, 1.3904017848201335, 1.7291626256628378, -1.2128671855519961, 1.8870796218902934, 0.6705408474411653, 3.6791734343828026, -0.4730146685593769, 3.609496346535122, 0.5778421452529808, 5.284397192047289, -0.35860470866238636, 5.230898420145707]
[-0.06516208335273443, -1.736538485066701, -0.01858409935491436, -0.9998273007130615, 1.10332721293848, 0.6952284006256072, -1.0360391549142856, 0.7819422874576105, 1.3774889293158963, 1.756912499301353, -1.203575271420625, 1.8328927785489355, 0.6631344887441113, 3.6751602113229205, -0.459090649829595, 3.605801447415969, 0.567331881692989, 5.282502105420905, -0.34094788223435274, 5.224525729332001]
[-0.061479184426278796, -1.7429549910888336, -0.019143284557629967, -0.9998167505379901, 1.1083545764649443, 0.7027629948554592, -1.0423994362647988, 0.7906986238057666, 1.4286963744457424, 1.8719551438567499, -1.2140895955845397, 1.8856017437843806, 0.6595191570037784, 3.691334436627775, -0.45316898903762143, 3.6235726515639426, 0.5616327239192026, 5.278998844769332, -0.32694738665339856, 5.237979745820397]
[-0.06037149202959511, -1.7504105725446941, -0.016540420590141016, -0.9998631978859415, 1.141581653339255, 0.7371898611036256, -1.0553588297723246, 0.8199153706552688, 1.444121228009692, 1.9423802680242244, -1.225538400526618, 1.9376180052320613, 0.6553373257533456, 3.715229318157386, -0.45197364597183465, 3.65294394171231, 0.5481994144892474, 5.303014996627984, -0.3244212456929859, 5.25435038460941]
[-0.06685803976738126, -1.7559005052921792, -0.009719854363836988, -0.999952761099816, 1.1688935677621104, 0.7429532438455885, -1.061281104684117, 0.8211743990807463, 1.455523262181937, 1.9291810532208178, -1.2604782307353508, 2.0403511800272653, 0.6287639379585127, 3.7480638691718386, -0.4514561031721792, 3.6887198612561383, 0.5397208472341053, 5.2889463658144225, -0.32109613160196904, 5.235823834962032]
[-0.059047025344997686, -1.763246804312624, -0.005053343451765298, -0.9999872317784655, 1.2039211368172311, 0.828845273432014, -1.0822628069863318, 0.9032707604554199, 1.524422980252009, 2.019782988752328, -1.2777161633245733, 1.9964130479013984, 0.6092746436006474, 3.718897933048969, -0.445073059206594, 3.678596227868875, 0.5453709871513682, 5.221534201002584, -0.3137316739106433, 5.175677411694095]
[-0.06106110610872491, -1.7632669423761134, -0.004662684275888457, -0.9999891296285892, 1.1809140899057182, 0.756643250027961, -1.0631451497967386, 0.8234099500357909, 1.5159457161655798, 2.0030374960368875, -1.2611159396462395, 1.8793593401216169, 0.5872788550425954, 3.5702505342104693, -0.4411546400283764, 3.5637655595998403, 0.5436461090629735, 5.010059792704251, -0.29885553726038677, 4.986810762476025]
[-0.058979674264829314, -1.8179355222450382, -0.0028885873696931335, -0.9999958280228012, 1.2073566932354514, 0.8265455199466272, -1.0814489965609062, 0.832093148345534, 1.5205015708964742, 2.004868163484754, -1.301565808019509, 1.9838140835221456, 0.5895018751424312, 3.567682763493621, -0.45790927758955446, 3.5902356981609804, 0.5519562627054269, 4.990028028677036, -0.3012985748639771, 4.993656943884054]
[-0.060894923287663015, -1.8075796093638214, -0.003253538183901573, -0.9999947072306362, 1.2028391698849565, 0.8190555779366441, -1.0752033426020668, 0.8338935379962457, 1.5166830671040283, 1.9960884226028488, -1.2967254529824948, 1.969753116118886, 0.585632554109535, 3.585600353114856, -0.45965314656713874, 3.583759228348196, 0.5480503048786779, 4.986835579619264, -0.29770472424249234, 4.98493693602677]
[-0.06232484718027934, -1.7713436953059307, -0.0005749962793362165, -0.9999998346896257, 1.1813651099534654, 0.793242789766405, -1.0492937750070692, 0.8207662028053139, 1.4568847383078403, 1.8714070951898587, -1.2322951560591109, 1.8153007983791845, 0.5830115066883688, 3.5788122945473213, -0.45533616593017956, 3.5685569865869615, 0.49388625707053646, 5.032350113885513, -0.29727222682198406, 4.97336039241475]
[-0.047429442172545, -1.7563406739799072, -0.004181609227153042, -0.9999912570339159, 1.1480483738286273, 0.8018817673044096, -1.0059491658866957, 0.7664182219304534, 1.4208935263836548, 1.9091882552597117, -1.214612146556648, 1.834367295421593, 0.5810792062355267, 3.6693936437908965, -0.45412225745759865, 3.6276423636629573, 0.5017870383456486, 5.157701272984559, -0.3051052910633104, 5.102790569792676]
[-0.04642300368131668, -1.7591981976353153, -0.0031566274557671106, -0.9999950178391418, 1.092928595015619, 0.6688827364159812, -1.0099102409608716, 0.827377217513427, 1.342701806163111, 1.8488275800981813, -1.1827096458843263, 1.8434185415509017, 0.5646235198799343, 3.688841155047514, -0.4342449029649758, 3.623312349738862, 0.5203255427030214, 5.219610079777121, -0.31733192602915067, 5.199596822124652]
[-0.024984232091585144, -1.7480986337725462, -0.01159334260735246, -0.9999327949453346, 1.0785679635528704, 0.7283253329024104, -0.9647449174292383, 0.7299939712294815, 1.3159333694124329, 1.8852718999427538, -1.091389101120491, 1.7468619095126545, 0.5568695319534106, 3.6171104838537826, -0.40855650662781284, 3.588195632707201, 0.5269067598350377, 5.184408198948863, -0.3020401999502345, 5.141144656996158]
[-0.017335499660494833, -1.755646930725694, -0.010681857606910605, -0.9999429473315294, 1.0853210645580735, 0.7342832613719439, -0.9679516613654487, 0.756389300169313, 1.2904784630874615, 1.8182513744912578, -1.0912474565066788, 1.767457110621106, 0.5623269434129574, 3.649368492461435, -0.40599795853822396, 3.6165264791170126, 0.5394513104187969, 5.252157988837116, -0.3044220114731762, 5.209025631030883]
[-0.009467579256141797, -1.758574669310299, -0.013086949818752134, -0.9999143622053047, 1.0902626294657818, 0.7304740571533869, -0.966697583123866, 0.7657056167712584, 1.2931923256421956, 1.8472157308712966, -1.0909560599907306, 1.8558255812694389, 0.5694250767259516, 3.656587614576745, -0.40052663340892786, 3.6133814212960504, 0.5429612794129474, 5.255166403216338, -0.3016252408484488, 5.221691682640446]
[-0.00871206098678297, -1.7603651957145159, -0.013696885232529564, -0.9999061932676119, 1.0904625332727131, 0.7301948478656535, -0.9662679364879629, 0.7660668532042886, 1.3044410278039433, 1.883762686573604, -1.0939461164585669, 1.899297825034301, 0.574925084247376, 3.6603216441633464, -0.39639315912521644, 3.6165273886694447, 0.5436487533409696, 5.234921282308887, -0.3042239052604083, 5.236966798813587]
[-0.011851632103466734, -1.767365027730789, -0.014219316774394416, -0.9998989004046707, 1.0941176466966451, 0.7386050156623716, -0.985709218730226, 0.900015825964043, 1.3643970795133735, 1.9644313814173662, -1.1118447853049092, 1.9408064817696842, 0.5815553306373646, 3.676094602123876, -0.393496109924572, 3.6493499717879603, 0.5361451769652527, 5.222695870729665, -0.30555498072238785, 5.2560387815967955]
[-0.015838029000317288, -1.765229859157916, -0.01576976554003006, -0.9998756495158847, 1.1232137140592928, 0.8500060278455733, -0.9859800704578455, 0.836606635914377, 1.3910783296424363, 1.9156432625180415, -1.111519590977865, 1.912480854895345, 0.5797414360191389, 3.68371960798412, -0.3675341675882251, 3.6098658243619144, 0.5338988775466043, 5.133137473673273, -0.29391168468712675, 5.142498481328996]
[-0.040593824796364815, -1.773234083653407, -0.01864567647290264, -0.9998261542632638, 1.1565645728260938, 0.8153282423910593, -1.0321740262276542, 0.9154698637916185, 1.431077866611177, 1.9536782733480367, -1.163624344561449, 1.9843586449796629, 0.5867799512909816, 3.691165217149252, -0.3698652298012877, 3.6251615281561205, 0.5279332779896303, 5.1316258780978155, -0.2772335845027403, 5.140477767560995]
[-0.058643748840675504, -1.7729662989352968, -0.02186848704605174, -0.9997608560422421, 1.1559185130255416, 0.7828927630475404, -1.0379647234303773, 0.8942044491951839, 1.4212823348939392, 1.8888819103031829, -1.1611507811276505, 1.9204168131865296, 0.5808308712216104, 3.6389800622548725, -0.3805845839425091, 3.600091827965836, 0.5281163210652191, 5.030788666133479, -0.2745464065209871, 5.05286414966591]
[-0.06529171739857571, -1.7759098665204311, -0.022650365195998258, -0.999743447568669, 1.1592567228321973, 0.7870096018464786, -1.038989406159901, 0.885357860109287, 1.4276595621869586, 1.8896025744642442, -1.1641917756790552, 1.9124576493257357, 0.5914420831199483, 3.674423355372988, -0.3895850585413547, 3.619004935680481, 0.5118500175456996, 5.047212634936902, -0.2760883425855059, 5.049193262406694]
[-0.06910823107476194, -1.7805196571101833, -0.02341618249367658, -0.9997258036068803, 1.138883614838325, 0.7475903045190848, -1.0264478230901064, 0.867762388195438, 1.4255344747740557, 1.8631943928332446, -1.1618044588595593, 1.9187923324040532, 0.6003832450319437, 3.67284181554374, -0.39519218475820583, 3.6227244141607367, 0.5184209349712054, 5.052315426526086, -0.2772163947407837, 5.060527873066244]
[-0.07303705603634987, -1.7924972539901076, -0.033681858785059915, -0.9994326052259769, 1.1303461637291607, 0.7946487161759513, -1.0050693276559828, 0.8337228334820446, 1.4135028137527312, 1.8759274918737436, -1.1345133911918064, 1.8880657075950786, 0.6272200982764302, 3.6675162887532395, -0.42418569772137077, 3.6625319297208407, 0.5332024897420132, 5.151988770772574, -0.3025728351834883, 5.191250453509815]
[-0.07562593580675114, -1.7880347001666048, -0.037571404757455684, -0.9992939455158084, 1.0837067522467907, 0.6828924459585506, -0.9988015865301921, 0.8969091292069514, 1.3500178140014938, 1.819853766388586, -1.088564171378797, 1.864637448093343, 0.6142367001467557, 3.671485678162787, -0.43233720731194925, 3.630711645440445, 0.5257819771143376, 5.154890398699607, -0.33265977298082045, 5.22740061376407]
[-0.07998015452874085, -1.7855746141100992, -0.03497266597349306, -0.9993882692100735, 1.079669063306671, 0.6987132829969473, -0.9650560830402223, 0.6857366684059714, 1.3298366256941316, 1.8161460468508936, -1.0668196421200387, 1.71969442133753, 0.611728066619526, 3.6565796741061383, -0.43116525294501457, 3.62258768014913, 0.5226407458107364, 5.198187633780318, -0.346316202613262, 5.252880110643246]
[-0.08895633169787129, -1.783220351470855, -0.03133978290222891, -0.9995087883593825, 1.0851464017026553, 0.6962761678670224, -0.9566508124438665, 0.7114998279988143, 1.3203666735062232, 1.8053029144612318, -1.0635686631057186, 1.765786273017599, 0.603218348568785, 3.632460029824822, -0.4331592701201792, 3.6026921451326417, 0.5200861680175196, 5.216105634644039, -0.35781361522506877, 5.246067510769844]
[-0.09193548964619763, -1.7839298889249158, -0.028947726394538045, -0.999580926757102, 1.0949328027285217, 0.6927014726805977, -0.9459510538627144, 0.7108081027281089, 1.3301863309924138, 1.8003601267545812, -1.056953185553686, 1.76599952904087, 0.6030411004986922, 3.6303801342223094, -0.43549846905756023, 3.588571307028552, 0.5161486526154435, 5.221154586846577, -0.3602830998898364, 5.230839293961517]
[-0.08706231743628567, -1.7866793045589475, -0.02849466384953036, -0.9995939446255675, 1.106951302622699, 0.6973197638149916, -0.9426803366034308, 0.720667650424625, 1.4017201183008394, 1.923888106234411, -1.0355689670436299, 1.7024273498737803, 0.6037477627065873, 3.630818587038534, -0.4347445427681773, 3.592609829343896, 0.5187768534714108, 5.203328154055531, -0.36114917746858816, 5.231471459138931]
[-0.0628289737246289, -1.7939869471015857, -0.023973231636448707, -0.9997126007832977, 1.137076930357033, 0.7212329064972158, -0.9456545320720607, 0.9136577637238001, 1.4408961282319357, 1.944837087266069, -1.071917443166878, 1.8548707669754012, 0.6102947493715896, 3.671407776133356, -0.4393359296566454, 3.627131448088896, 0.5136843426749329, 5.204307629910171, -0.36487239983545083, 5.234181986687735]
[-0.06183156496746536, -1.805489245396686, -0.01167695836814769, -0.9999318219975143, 1.192763791893499, 0.7983891471243547, -0.9759140362603925, 0.8477002925747771, 1.509563827913968, 1.9990422716840686, -1.0908096858340313, 2.032341363323335, 0.598805837610108, 3.7122554576815374, -0.4605132632146588, 3.681818072860193, 0.48378726383591275, 5.217804519617915, -0.3808044825314618, 5.231999863275766]
[-0.060309286139513564, -1.7942180057773112, -0.002531611543354968, -0.9999967954663622, 1.1893155254401622, 0.7953133746090337, -0.9776127485375933, 0.8942296849098887, 1.5102651398766733, 1.9633709102956698, -1.0906398887607713, 1.916871561947223, 0.5666070896354071, 3.668774733510349, -0.4661090119809271, 3.6050177238841954, 0.44206762877549066, 5.075520615497035, -0.3821532840322037, 5.062775417084245]
[-0.05554999152849322, -1.8045369436300798, 0.0004948571982181754, -0.9999998775581692, 1.207005495178373, 0.7971775644749538, -0.9994845382417998, 0.872845715222525, 1.5207969909400936, 1.9295369919524201, -1.1193787331561298, 1.9180601456881754, 0.5583621014763448, 3.654036612607722, -0.48701826934850845, 3.595377429231954, 0.4543691432574924, 5.031896804957434, -0.3904210531017779, 5.022497258262939]
[-0.04920719989556365, -1.8049394996666406, 0.0011654532531086255, -0.9999993208591267, 1.2045170740262454, 0.7848233530028819, -1.005415853613339, 0.8629241793111141, 1.5154157419432206, 1.909498576181011, -1.1303476291399093, 1.9374995012188705, 0.5572282208564718, 3.6267204492116, -0.4960301290037837, 3.581798678629084, 0.46584206336252504, 4.993717378124391, -0.3923249054309195, 4.994259840726591]
[-0.04486784457420102, -1.8080627290596287, 0.001000080862997441, -0.9999994999190086, 1.2056030977605618, 0.7827796342727038, -1.0048460243007407, 0.8536257934254501, 1.5162061525158774, 1.9118592123147111, -1.1349635990963463, 1.9149290194432076, 0.5621190926791562, 3.58437679734394, -0.4995005172101735, 3.577257593870702, 0.4683909820417868, 5.003384060903351, -0.39398879014484955, 4.991316717796198]
[-0.03442909899593241, -1.8082970301410923, -0.006117191660213445, -0.9999812898080604, 1.1888283167660119, 0.6630698797339866, -0.9800296045652503, 0.7657302918974345, 1.5040864218257157, 1.9299123250854768, -1.1165719028746137, 1.7980490457247895, 0.562621245832448, 3.610146737273434, -0.49082810824526996, 3.5560000725842165, 0.47310927575441913, 5.052320559258263, -0.39384763186953287, 5.023531902404287]
[-0.03249974114615704, -1.815453611250924, -0.0020695811856638116, -0.9999978584145649, 1.17919087748402, 0.7063085020178782, -1.0157074925896197, 0.8466287799568635, 1.4733513295801715, 1.8413775906763241, -1.1547936195916513, 1.8358834298422937, 0.5465948632883623, 3.6502959797253944, -0.49527567981275467, 3.6037742995173336, 0.4648765885678771, 5.215448124946645, -0.4289679105226933, 5.171509446924849]
[-0.0334910558742905, -1.79732713995235, 0.001955612609130433, -0.9999980877878332, 1.1464414026294487, 0.7184076623562146, -0.9855355604761379, 0.6463613034029155, 1.4218682264553886, 1.7769585701362922, -1.1095924219462134, 1.680975390290666, 0.5276194607305058, 3.571866455276696, -0.48306826739260156, 3.5461464645406373, 0.46782236048773984, 5.20029360898683, -0.42859624889966785, 5.159879115618632]
[-0.025615643005789692, -1.7860633917800377, 0.0002746677919322086, -0.9999999622788014, 1.1418655406598344, 0.6370859066864317, -0.9690723437623842, 0.6954873183277241, 1.4087301614502215, 1.7488137904981471, -1.0914208050574976, 1.7038220999126976, 0.52248086389802, 3.517655570106255, -0.47073109427000265, 3.4782668739989773, 0.4701762313170816, 5.164991887305203, -0.41604813929655027, 5.1062122774010446]
[-0.05979475211118624, -1.7927375738209939, -0.0006368717396022077, -0.999999797197173, 1.1633479742896002, 0.6875849245739446, -0.9900096750678785, 0.6857972662697333, 1.4480164287798387, 1.7968426560967177, -1.1263976530998536, 1.712881026545548, 0.5375671536122872, 3.5955137435302427, -0.47412709344605314, 3.555235852075015, 0.48351028636331966, 5.257006606067446, -0.41691601357194236, 5.2277186488213125]
[-0.06861634526060058, -1.7876398019704576, 0.0012987839662037136, -0.9999991565797488, 1.1588750605994689, 0.6768228127185593, -0.9887141857506072, 0.6875245970765328, 1.449782549543424, 1.7794878317164298, -1.1247439318335228, 1.724598425628084, 0.5358357722667328, 3.586467719436943, -0.47045307225761196, 3.5454130859695883, 0.47986978709198513, 5.250773017121328, -0.4071390771521024, 5.231259654219499]
[-0.049277230332361435, -1.7949555161298512, 0.0008776327257422956, -0.9999996148803252, 1.1597547419067138, 0.6725305537472801, -0.9888680998479517, 0.6905739590635073, 1.470053730316965, 1.7981846057632502, -1.1337080894778166, 1.744372902323579, 0.5402076818155807, 3.5891600107680146, -0.46675699197617476, 3.5476761524129614, 0.47759153860357473, 5.273554400432648, -0.396391404469322, 5.260682405155615]
[-0.03743766977242082, -1.812364879715756, -0.0021867987926127686, -0.9999976089526617, 1.191482021492366, 0.6970473194201406, -0.9996353098662523, 0.7089176193492184, 1.5062325937968137, 1.8184616808840297, -1.1536132519048552, 1.7394784937612793, 0.5579660956885308, 3.6346924236048275, -0.4475806891906706, 3.6140874187926766, 0.4871458425245308, 5.312210671608774, -0.3951123390359795, 5.315179580496955]
[-0.03979760978722011, -1.8096009944393392, 0.0010134129890906418, -0.9999994864969249, 1.2031981747736573, 0.7274379465202039, -1.0410324796292807, 0.8746133020283985, 1.5426749702253164, 1.837958745284978, -1.2173667884395005, 1.9260912258753444, 0.5491377216133358, 3.6079918636515873, -0.42861479040548406, 3.590645522965842, 0.4786203800801305, 5.196457961963565, -0.3671751994372974, 5.181086427069119]
[-0.030679409709234037, -1.828075950329459, -0.005818198777705209, -0.9999830741382492, 1.2467261838278967, 0.7073124898101961, -1.0555459363279909, 0.78786576736963, 1.5992895711738224, 1.9096228310348207, -1.2569524889292736, 1.970318804822826, 0.5570850916067237, 3.6766659896913514, -0.4297626775601811, 3.697047964384589, 0.485412237140185, 5.208623401277871, -0.3505887432560656, 5.185698171544624]
[-0.03124683677652648, -1.826857326013379, -0.013688147429479932, -0.99990631292134, 1.2538475215779232, 0.7839264986702912, -1.0333175825672818, 0.8448587685400251, 1.5942836726125387, 1.8601461263603807, -1.2441401541540793, 1.8976326114140611, 0.5377459139567533, 3.62001012607291, -0.432498683001242, 3.602435800821966, 0.4679870952698356, 5.064109258336376, -0.339291384186353, 5.048858139449274]
[-0.04090835232180209, -1.8262120407832163, -0.013851184949254032, -0.9999040677362512, 1.2459188729795991, 0.7393332987705558, -1.0302036916180133, 0.8290648222927208, 1.5803897145048125, 1.8729222239566423, -1.2426202041955772, 1.856843010652369, 0.5296479568423131, 3.605365051325632, -0.445574177826473, 3.591676440732413, 0.4585338031552997, 4.99479038973946, -0.3400281572096757, 5.003895568783353]
[-0.044116365654443344, -1.8274442717774086, -0.013109696689708952, -0.999914064233874, 1.2416687183136141, 0.7332497893999831, -1.0281242142752365, 0.826459670508018, 1.554010558437203, 1.8378280395588462, -1.234920731277605, 1.8594258575591276, 0.5325378471367866, 3.595305391899604, -0.4551616335401796, 3.5827997435022083, 0.4432039227531853, 5.042324570057205, -0.341150273506363, 4.990257647540858]
[-0.04941521878977558, -1.8277581308172668, -0.012741249272031258, -0.9999188269889652, 1.2195513802532674, 0.7329134889662194, -1.006610265946231, 0.7989499341283917, 1.5051135279820083, 1.7887622600376645, -1.199124550565858, 1.8359909041168647, 0.5308286292455391, 3.5796554598721624, -0.46281663013061497, 3.553078565783134, 0.43913288887697655, 5.032128069113873, -0.35038943271004525, 4.97791995044217]
[-0.053067284002253814, -1.851271659597027, -0.019620438391459806, -0.9998075006706675, 1.199095385522159, 0.6863192560092176, -1.0154401178735597, 0.8820719896139574, 1.4684742461254299, 1.8741819654603828, -1.1692084602495798, 1.9220793650036134, 0.553729809006832, 3.7387764161996535, -0.47341908694861007, 3.6587308616918377, 0.4737284189236421, 5.270563189238791, -0.36978916522902644, 5.232685771838818]
[-0.04898872183989224, -1.8080162851312387, -0.01381668053024987, -0.9999045451137448, 1.1136593111107818, 0.7099930027108923, -0.9237765306364235, 0.6830846738743932, 1.3377614955108046, 1.7434305494847524, -1.0682856163200956, 1.8201101081404634, 0.5296869422451151, 3.5594129420587937, -0.4501790188355174, 3.484072719211478, 0.45096498366841353, 5.1088845855741045, -0.3744862491174579, 5.1065963288427945]
[-0.07491542289331125, -1.8056506652976454, -0.004337956884238002, -0.9999905910207708, 1.0909096487569514, 0.6567860356060109, -0.9157792874841426, 0.6857550641283967, 1.260337187234326, 1.6543079057009398, -1.019023028230224, 1.666384099811813, 0.533132828746535, 3.569181236568333, -0.4517480817371388, 3.5272687670751597, 0.451319686696043, 5.177992276143132, -0.38503519817874876, 5.1812619492970216]
[-0.0842683357309304, -1.7919834345719456, 0.003007439955603849, -0.9999954776422308, 1.0646747825142473, 0.7127686068409711, -0.9032756394263178, 0.6642445047713181, 1.2394459095517565, 1.6825628379624655, -0.9921234791647082, 1.5941487919522148, 0.5210009696642507, 3.5619359194807614, -0.4436724205577666, 3.5132217382333906, 0.4472013160539486, 5.161678981658033, -0.3876985268118196, 5.154331483884122]
[-0.10443215886663806, -1.7825346844003331, 0.0035065990708644484, -0.9999938518625783, 1.0550570200471387, 0.7193192407395755, -0.8941541685280424, 0.6738847755391892, 1.230136681588081, 1.677285022887574, -0.9824331067811022, 1.6093605562708584, 0.5180136953722152, 3.5410460289075134, -0.4300060559449292, 3.4845078385314268, 0.44558655678755665, 5.140472038375143, -0.38756314925042434, 5.115613733434126]
[-0.11191940145384655, -1.7840169932186174, 0.002951568051016701, -0.9999956441135333, 1.0561023043895195, 0.7230272478060537, -0.8971287795300813, 0.6793299380244661, 1.2632939283775164, 1.704914112328929, -0.9834300272075213, 1.6242184713986756, 0.5185228384237338, 3.550991485490714, -0.42984094716929233, 3.494367995739656, 0.44813362364527903, 5.155597789544902, -0.3905354583655744, 5.134159160773927]
[-0.1257016238376826, -1.7848330491451654, 0.00708566790915645, -0.9999748963400437, 1.063561972743676, 0.7271840575491638, -0.9000648743242631, 0.6931157639677779, 1.2847708254835335, 1.7362030871337244, -0.9865490411029599, 1.700536276476222, 0.5231679714552977, 3.5666862944034814, -0.43300809218812075, 3.508544026837855, 0.4467093972646705, 5.189377419224689, -0.3767189822310423, 5.177016762753599]
[-0.10265969226650494, -1.8118989554658027, 0.006032476653122805, -0.9999818044471757, 1.1053480561159543, 0.7351100329852742, -0.9089511193457195, 0.7505213954088527, 1.377921864551905, 1.8705604940139624, -1.0014390486245561, 1.8129014550367877, 0.5392110416766422, 3.62381609392473, -0.4318808717959498, 3.583168137898374, 0.4468262377589205, 5.247882249876087, -0.38327257730689024, 5.2201607180939185]
[-0.07090019244313527, -1.8349722296696105, -0.00487103637051796, -0.9999881364319664, 1.1510942122073233, 0.7215423164044393, -0.9376505436402356, 0.8704761630331556, 1.4237430777541877, 1.853981685819702, -1.066767306353265, 1.9921085309799222, 0.5608297944928059, 3.636086718504147, -0.44074064712523575, 3.634340107221984, 0.4493527740205483, 5.226056442837344, -0.3748666095060269, 5.161609097540056]
[-0.06485543729171035, -1.8392140352167148, -0.009157933332496466, -0.9999580652492771, 1.1999269771336358, 0.8323027361629172, -0.960368216804081, 0.8116496646368068, 1.4498685495644932, 1.9877576416910965, -1.0851754733348729, 1.9174887642991543, 0.5581861893662136, 3.587709216626299, -0.461527289414131, 3.5701874772304096, 0.44800921090756246, 5.10175566331816, -0.37134956392441015, 5.050651479188338]
[-0.07243597945265298, -1.8160969575900938, -0.0003091518976774295, -0.999999952212551, 1.164923908402444, 0.7454959479090993, -0.9431407601374505, 0.8402828601458266, 1.4157825354573261, 1.8369703366408285, -1.086735942878877, 1.9683048259355465, 0.5358771854705009, 3.463963405737307, -0.474796734934929, 3.4265356907518836, 0.45355765573798723, 4.811888355635738, -0.3535700477200465, 4.812685525357942]
[-0.07027185604205108, -1.8327088688186866, 0.004437941948040266, -0.9999901522871443, 1.2021570642049926, 0.7552637324803243, -0.9665322146707699, 0.8300126604611886, 1.4810719873526497, 1.9489815759229945, -1.1185702589047057, 1.961423595637362, 0.5530924977866066, 3.4921119029046865, -0.5131547037618795, 3.4647934847600537, 0.4637312785284191, 4.882371197931133, -0.36189418050439026, 4.861368238502053]
[-0.062329890178209134, -1.832417250416088, 0.005800642969023456, -0.9999831761290516, 1.203810763309141, 0.7651207821830291, -0.9695104844815127, 0.8289491668233717, 1.4814453315861638, 1.9375608120454624, -1.1229480596984724, 1.9484580190852838, 0.5522667367359586, 3.4848894124997627, -0.5299878224523071, 3.467161889694377, 0.42071451349548716, 4.933770709460099, -0.36496885813898106, 4.854632941962384]
[-0.061717619383196885, -1.8279560409782416, 0.005557751717076139, -0.9999845555786606, 1.1972597444456985, 0.7634088632834425, -0.9657840427919904, 0.8209177037085629, 1.4399994934278368, 1.8691425647342124, -1.1116508892457444, 1.8786297087376342, 0.5407049899446362, 3.46758500657939, -0.5344251002577288, 3.4641779422448336, 0.407859355192928, 4.914562483404749, -0.36706195086980176, 4.846250381211327]
[-0.061717619383196885, -1.8279560409782416, 0.005557751717076139, -0.9999845555786606, 1.1972597444456985, 0.7634088632834425, -0.9657840427919904, 0.8209177037085629, 1.4399994934278368, 1.8691425647342124, -1.1116508892457444, 1.8786297087376342, 0.5407049899446362, 3.46758500657939, -0.5344251002577288, 3.4641779422448336, 0.407859355192928, 4.914562483404749, -0.36706195086980176, 4.846250381211327]
[0.0051309408594642555, -1.828164738963417, 0.009930054722869066, -0.9999506957911479, 1.1022577665872033, 0.7370390238906992, -0.917653699237934, 0.6777803906054458, 1.2727978993782585, 1.7428642691813565, -1.020024623860484, 1.9337762274653536, 0.4998713703832825, 3.5799721195469005, -0.4925719153303523, 3.5698906758839297, 0.43821419194145833, 5.173898064604141, -0.4387853270954409, 5.1354170107485215]
[0.0051309408594642555, -1.828164738963417, 0.009930054722869066, -0.9999506957911479, 1.1022577665872033, 0.7370390238906992, -0.917653699237934, 0.6777803906054458, 1.2727978993782585, 1.7428642691813565, -1.020024623860484, 1.9337762274653536, 0.4998713703832825, 3.5799721195469005, -0.4925719153303523, 3.5698906758839297, 0.43821419194145833, 5.173898064604141, -0.4387853270954409, 5.1354170107485215]
[0.018554555399938943, -1.8353315758140332, 0.012045161944573002, -0.9999274544054328, 1.1056428311401296, 0.7293061953579356, -0.9221135152382152, 0.7282038198614833, 1.2710987353012448, 1.7594927509112939, -1.0198006299985833, 1.9526971850130026, 0.48952225294866625, 3.634306305324994, -0.4871870896864232, 3.628277258404973, 0.4437650249710145, 5.256032234337532, -0.4508755529638507, 5.2602726131449495]
[-0.013219701572381993, -1.814200449510934, 0.01905020122823905, -0.9998185284506201, 1.066732961360287, 0.7064083757561885, -0.9143772237414907, 0.6946218079208453, 1.2362941447353846, 1.7486474335690814, -0.9987765526572712, 1.6608989032437635, 0.4678441632840191, 3.5700439879569874, -0.48123784260644786, 3.5503700186290685, 0.42479884822828223, 5.17383045975134, -0.45647695958317386, 5.175571988959976]
[-0.04497494922503637, -1.7951610856051807, 0.02410321393955712, -0.9997094753366019, 1.0443893723860522, 0.7221179472784813, -0.9038648982444227, 0.6947870457843743, 1.2108524611945894, 1.732908508348728, -0.9919261478807103, 1.6685225749071921, 0.4570286949447116, 3.525655538273542, -0.47712245083539206, 3.497741365444639, 0.4107189112540219, 5.107437081632059, -0.4624301145911129, 5.09872847842002]
[-0.04522273795089119, -1.7987663118606534, 0.0244325526695643, -0.9997014806281168, 1.050605046954419, 0.724417493753758, -0.9037359064124391, 0.6979750219273904, 1.239843371121849, 1.805572908687688, -1.0018283586033712, 1.707598962803599, 0.4536547136462357, 3.5306214571246524, -0.4782836228232605, 3.503897281813608, 0.4040438577323526, 5.113053296570479, -0.46966632191534985, 5.1299189421834965]
[-0.042811193671844015, -1.8086089073146945, 0.02517943889986882, -0.9996829476672531, 1.0664375991138733, 0.7616290859878623, -0.9122324064130615, 0.7387427423631504, 1.2557178483423748, 1.8167073485158594, -1.0623203414077966, 1.836435116343375, 0.4541676627896472, 3.573917570629431, -0.4853962560999972, 3.536856110960439, 0.39273829429856727, 5.153116537207089, -0.47804945937401333, 5.136721513296386]
[-0.02239147603909249, -1.8431003086860474, 0.020606566272521963, -0.9997876621695508, 1.127495963857996, 0.7978675414003708, -0.9385016030184138, 0.7828108138010781, 1.4024184073948802, 2.006394080640664, -1.1396295906996083, 1.9230536807479237, 0.4678001265152755, 3.677488703423886, -0.5029628794690839, 3.616080068811025, 0.3854056609145694, 5.2686723623353675, -0.4948057421082698, 5.194791778710408]
[-0.015340416730880917, -1.8307793865299284, 0.015725960281444455, -0.9998763394406462, 1.1687784351501314, 0.7926718236427719, -0.9689210673264614, 0.7829180023309023, 1.4019959124364278, 1.877693451968312, -1.1650023202646769, 1.882039768809256, 0.465866302867172, 3.567111372423343, -0.5093146295799865, 3.5104742658493895, 0.3626041522120954, 5.073502583533865, -0.4823910362040995, 4.977694845531713]
[-0.03572983353392194, -1.8235601762053324, 0.023098682276795422, -0.9997331898447083, 1.172900468607228, 0.7869924439635785, -0.9689378941989413, 0.7935797847028424, 1.3846731013327236, 1.9008184827556547, -1.171128216022948, 1.8469849219811656, 0.4495160379855226, 3.5228003219881834, -0.5271469137784247, 3.442264147393702, 0.35379653131226896, 4.920699990925207, -0.47798945167900797, 4.866665218294036]
[-0.030515617661673478, -1.8289045301744395, 0.020959621284933328, -0.9997803230088058, 1.190725692337666, 0.7692606649270662, -0.984001940501286, 0.8027789792214162, 1.4387582665179925, 1.9959026995048186, -1.194778899122782, 1.9738326316715409, 0.47684196715506016, 3.4790112160288444, -0.5491259198818405, 3.465395096045913, 0.3529051350912306, 4.881292136192907, -0.4738632871810157, 4.814732575643151]
[-0.02102899184864441, -1.826310922751863, 0.022223699163250454, -0.9997530230989559, 1.1910379683104129, 0.7679410029385648, -0.9862870244970287, 0.824262870719276, 1.4339044338438263, 1.9720943009192968, -1.1977933515427732, 1.944725318677235, 0.4782562681334056, 3.4347607180037163, -0.5642510398611842, 3.4473149168287427, 0.3488982156805584, 4.848334701289644, -0.4746430513144856, 4.792330289472231]
[-0.017596309303848204, -1.8246773209373928, 0.02204688860880986, -0.9997569378117217, 1.1911227162464475, 0.7671215752654946, -0.9872117712833548, 0.8240305230195774, 1.4090116343366936, 1.8068111264102158, -1.1928918452537685, 1.9213616319438278, 0.4771515871671712, 3.433234704805768, -0.5667308930149838, 3.4486525071066954, 0.340943706982801, 4.854849710909611, -0.4736368780471637, 4.793504314597286]
[-0.029406035561256212, -1.8238982373344066, 0.02305722100846122, -0.9997341469407589, 1.1750710461274743, 0.7537411806886679, -0.9798957699802429, 0.75239092629974, 1.3919288010251751, 1.827998407022591, -1.171965389447316, 1.8216820466713617, 0.4554931294714278, 3.4723315802417445, -0.5744596338875656, 3.4579653445575853, 0.3393596590822719, 4.893941944044252, -0.4886117105805395, 4.845041988074552]
[-0.04181779253444919, -1.8330627638939965, 0.020099863221052065, -0.9997979773426704, 1.1247907862382494, 0.7342358742700267, -0.9716298778048279, 0.7597309641944514, 1.3585440399318542, 1.8179068129860565, -1.1407864515840787, 1.8687456131837012, 0.45368721949474355, 3.623374487352539, -0.5590712211655533, 3.569305581410574, 0.33736252093669994, 5.091913274803448, -0.5031990405345911, 5.050388129061696]
[-0.009945746796886121, -1.826849679118032, 0.02072090470414581, -0.9997852990058624, 1.125562946415286, 0.6802253326972666, -0.9484561253506645, 0.7224876225353363, 1.3048827128835925, 1.6926038269049597, -1.093712292158009, 1.7110662401718872, 0.45160676528532334, 3.59938065696098, -0.5325471611821405, 3.560600080797946, 0.34464009465668577, 5.155445472786757, -0.495011743778759, 5.108184436631337]
[0.0040013986911052405, -1.8290511035030579, 0.01875021473235768, -0.999824199270797, 1.1211464919844618, 0.6849938479580009, -0.9442957961608387, 0.6663647249034547, 1.3164979762985407, 1.734942956934867, -1.0880778225131045, 1.754895955501591, 0.4592792386625438, 3.5930211393521887, -0.5084058479154304, 3.5494827293768254, 0.38702311380557386, 5.196025922969436, -0.4734736716002764, 5.1380362961964074]
[-0.0041482293788212155, -1.8275721414857138, 0.02192321395822156, -0.9997596574626033, 1.127074717567086, 0.7222901231049081, -0.9490374789847367, 0.7057354282956989, 1.3268366369693543, 1.7884379096374472, -1.0901914286039527, 1.7894708021985848, 0.4660003637678441, 3.616914350185315, -0.48648365325805476, 3.5576585461503005, 0.40032202959586594, 5.256399072898197, -0.45692562319811414, 5.140268688225184]
[-0.016630139843261435, -1.8121149528060163, 0.025553691984893226, -0.9996734510958771, 1.1110777891756005, 0.7201666712234654, -0.948489386540326, 0.7153524205047265, 1.317847367822661, 1.756011679173428, -1.081982827851021, 1.7632556916592372, 0.46715443296958004, 3.5821719823492915, -0.46376124951962133, 3.512618644897324, 0.4089372559684338, 5.2064130685764125, -0.44698875841308755, 5.096847495964284]
[0.0019137628396537713, -1.8179887572118976, 0.025742335582249434, -0.9996686111701072, 1.1111474958306409, 0.7233387309864127, -0.9456419831718368, 0.7100018219103321, 1.3297713170892507, 1.7573417405355989, -1.083742571553555, 1.76190882051745, 0.4740359198219663, 3.577137026447873, -0.4560740205966346, 3.5109999786001675, 0.43234653066849515, 5.173980482748898, -0.42801974627380457, 5.095942010990418]
[0.0004895254143457191, -1.8243791626289294, 0.024060063484726498, -0.9997105147717067, 1.1134347095065678, 0.7191413508962964, -0.9538933619025077, 0.7027551244221188, 1.354073844421485, 1.751170898920444, -1.10908482565842, 1.8188263024948288, 0.4834920663042674, 3.5863350615932723, -0.430807979139271, 3.603758270743795, 0.44526209618904333, 5.185585957706846, -0.37297883586957786, 5.225942190245954]
[-0.007327126437852627, -1.842154769575141, 0.016597962670753138, -0.9998622443292778, 1.1801085779504423, 0.7576218070159159, -0.965281680835971, 0.7442431915662957, 1.4559347924827188, 1.897049165043562, -1.1657493171495519, 2.0017995101137673, 0.5289322244501602, 3.651921727193288, -0.43151445399900407, 3.6523705587331303, 0.4590810172379879, 5.2394944173935265, -0.37368259993106695, 5.258855991196865]
[-0.013899550727786899, -1.853392441281707, -0.00139858205894695, -0.999999021983634, 1.2312238945159801, 0.7120020938187147, -0.9939574367432668, 0.8070240209642919, 1.519965002960344, 1.8783656348479403, -1.2016674601859068, 1.9749560455423925, 0.5569143997083567, 3.634128403914801, -0.4348564067813985, 3.6626734268099734, 0.4695374768092681, 5.2368140730848385, -0.3716165572093624, 5.193577018449632]
[-0.04281697962362936, -1.8220268868533351, 0.002618634474573368, -0.9999965713708665, 1.2043108137410863, 0.8117019138718783, -0.9690568810853594, 0.855702872664606, 1.4675497961829236, 1.8222308738752053, -1.1572887123342712, 1.8680355273044937, 0.5371759118264867, 3.4711380033747035, -0.42894641948897544, 3.509263316200825, 0.45489056316531845, 4.9272304976216486, -0.3580028919860342, 4.902362777698553]
[-0.04931684899896208, -1.838720749899663, 0.004189125730598205, -0.9999912255743113, 1.2421225604854178, 0.7703026857517229, -0.9958712279723211, 0.8099170292214944, 1.5314534000003874, 1.9956793871054268, -1.1750463574340417, 1.9668713722765363, 0.5707019165918137, 3.5019655383670707, -0.46100374773256725, 3.55445915310402, 0.518331017754318, 4.899313932230323, -0.3408690369335576, 4.952815746264338]
[-0.05134299786906678, -1.837049416596043, 0.0010006643213179343, -0.9999994993353327, 1.2389881867673889, 0.7406424249222954, -0.9942247335778258, 0.839008548739233, 1.5332182052963836, 1.9382867328386415, -1.1736189829287447, 1.9413374996065234, 0.5832701886340964, 3.46233741970846, -0.4723161178942486, 3.518995124621155, 0.5185467181370083, 4.851811797475646, -0.3345910398296924, 4.8969028964593795]
[-0.05093731679023431, -1.834328595420964, 0.0009292127181472579, -0.999999568281769, 1.2348129367506344, 0.7441745353019755, -0.9937723740917038, 0.8404776858286187, 1.527133637291252, 1.9335028488537032, -1.1532098466213556, 1.891690302792418, 0.5823857486468295, 3.4558262085825384, -0.483662680445152, 3.505546319853927, 0.4057455084857057, 4.931940378611932, -0.3406391305842049, 4.882351131977825]
[-0.05778229660060347, -1.8258253874993218, 0.004040742812087771, -0.9999918361654391, 1.205943656718656, 0.7503438954233603, -0.9766271759743119, 0.8131443865809155, 1.431454806083831, 1.7871830355224407, -1.126221685704941, 1.8763084785643909, 0.5670083934665184, 3.452655265235411, -0.48196913413828785, 3.467082693775591, 0.4121843940401935, 4.896697859059298, -0.3425290917667568, 4.855501904024422]
[-0.05383704533589801, -1.8455639358922398, 0.0022679074491569365, -0.9999974282945943, 1.1705316774029761, 0.737942535325902, -0.9504472285680643, 0.7732813464515514, 1.440376821572796, 1.8785119381770685, -1.1042279141558133, 1.9147875893237323, 0.5585642812837621, 3.6181307034442725, -0.4709821300140232, 3.6328805101538126, 0.45112012930737583, 5.117927298384099, -0.35363450665652263, 5.089252627851135]
[-0.036305771444861475, -1.8277589573803719, 0.006718013415769722, -0.9999774338932581, 1.1102273612167097, 0.75464920567762, -0.9265123095134862, 0.8512218842820147, 1.3445286973285657, 1.7672340621404663, -1.0402909889575989, 1.9166971977801976, 0.5167623189013932, 3.5640980987900974, -0.4521955488083533, 3.5620130215015595, 0.4577260988203915, 5.099854309351494, -0.39949791109037, 5.079333149807171]
[-0.03377172170520148, -1.8310350657692085, 0.006818622099005139, -0.9999767529261223, 1.0979529565324475, 0.6214181777752417, -0.9045833622786287, 0.6740170735113002, 1.300233579378853, 1.6829168952884301, -1.0145004386379668, 1.7477363088556148, 0.4970525990571835, 3.5777687128522944, -0.4531664959676364, 3.5846488284795566, 0.4737980013696506, 5.138969676988603, -0.4139258064680291, 5.138494782769473]
[-0.03377172170520148, -1.8310350657692085, 0.006818622099005139, -0.9999767529261223, 1.0979529565324475, 0.6214181777752417, -0.9045833622786287, 0.6740170735113002, 1.300233579378853, 1.6829168952884301, -1.0145004386379668, 1.7477363088556148, 0.4970525990571835, 3.5777687128522944, -0.4531664959676364, 3.5846488284795566, 0.4737980013696506, 5.138969676988603, -0.4139258064680291, 5.138494782769473]
[-0.04280039584674477, -1.8226721735380453, 0.01612144833163303, -0.9998700410071754, 1.0938946159819332, 0.7256874688428995, -0.8969978748689028, 0.7101429727641198, 1.2816920500953763, 1.7405542668121343, -1.0021968968736832, 1.8093735716369301, 0.4741141997724985, 3.6013165451941576, -0.4490956074551778, 3.5923016529207143, 0.46751381917013013, 5.185165319954649, -0.419171372641032, 5.116174854697024]
[-0.04685978592033438, -1.8191587135872374, 0.01596275815965131, -0.9998725870589394, 1.0892160820794172, 0.7235973917183706, -0.8936545266951966, 0.7109848744669237, 1.276207598350683, 1.7342720201009476, -1.00535931380746, 1.7930210785752023, 0.4688070497061889, 3.5888048541190316, -0.44683240380443384, 3.579621951677736, 0.4658614788898632, 5.168938992526435, -0.42290386100370686, 5.114342902427107]
[-0.049416647252110577, -1.8202127309284277, 0.015465793316262777, -0.9998803974661663, 1.0899176849883652, 0.7245235841289934, -0.8999147285025781, 0.7310892623413765, 1.2757015602479074, 1.738705295781236, -1.030538498508431, 1.8250492814660009, 0.45488822412087215, 3.595492809540247, -0.4464138701500029, 3.6025357115649004, 0.46695901138016177, 5.182595003567255, -0.4310945411617016, 5.1207243093803605]
[-0.049416647252110577, -1.8202127309284277, 0.015465793316262777, -0.9998803974661663, 1.0899176849883652, 0.7245235841289934, -0.8999147285025781, 0.7310892623413765, 1.2757015602479074, 1.738705295781236, -1.030538498508431, 1.8250492814660009, 0.45488822412087215, 3.595492809540247, -0.4464138701500029, 3.6025357115649004, 0.46695901138016177, 5.182595003567255, -0.4310945411617016, 5.1207243093803605]
[-0.04655961532865589, -1.8501134313609584, 0.006563349709688693, -0.9999784609883297, 1.1674692151409358, 0.8579705637669416, -0.969281588582613, 0.832798613869338, 1.4101306876096142, 2.032210354111654, -1.164655150182193, 1.9913750229758933, 0.4978040871420393, 3.6347378998160798, -0.48364431424574594, 3.6328349441391183, 0.47757610288654817, 5.243098951737298, -0.46208894403865897, 5.163307899910621]
[-0.06552429778202887, -1.8123391211220476, 0.012673166865421318, -0.9999196921961289, 1.1275085677539813, 0.7564173583198895, -0.9436828315223033, 0.8181950058241624, 1.3669257264145187, 1.8797548894956533, -1.143009692092215, 1.8793027379109675, 0.4858860001033505, 3.4740900341396177, -0.4863280242262255, 3.417328254814393, 0.44991141713276933, 4.925806554589074, -0.44289676196256594, 4.828810500793092]
[-0.06158875235965753, -1.832410716195139, 0.01562853151289902, -0.9998778670431456, 1.1928504287693882, 0.8195772424473862, -0.9793011048610123, 0.8234177466753919, 1.4520311334375318, 2.051349214934756, -1.1776878195728582, 1.8128046254784185, 0.5220493647214838, 3.5364975228149054, -0.5158180369730495, 3.4870129816691215, 0.437565371261148, 4.930164848236278, -0.4431366547898298, 4.863060116268347]
[-0.06051703398366837, -1.8304494679252346, 0.013652223534907108, -0.9999068040535343, 1.204703560320454, 0.7716928578875204, -0.9799872777686383, 0.8161277750097571, 1.4567645225418602, 1.984496642202016, -1.2070114754775476, 1.9349634802350637, 0.531370718714167, 3.449066754117791, -0.5393686124699569, 3.4417171098204733, 0.42440932534651515, 4.845785727141582, -0.42543893207010275, 4.7797361631849995]
[-0.05904395156712295, -1.8266312114293313, 0.013422456151213307, -0.9999099147777608, 1.201062606745782, 0.7702211423368155, -0.9791384251928014, 0.8092616157645638, 1.455378404648183, 1.9794953262408026, -1.1983674338561845, 1.906791981567339, 0.5290932356701693, 3.41070746060913, -0.5453207572597253, 3.4282237338553347, 0.4246299678376567, 4.8344636195193535, -0.4215903490409922, 4.762895170517663]
[-0.05620010588117728, -1.8237299260578157, 0.014515437332749544, -0.9998946454897332, 1.1937842847964444, 0.7551661901817459, -0.9779332045414879, 0.8097156526166139, 1.415910276556016, 1.8044769824548397, -1.1906279108465028, 1.8979369419139267, 0.5231349275821331, 3.3982642183494356, -0.546461149367307, 3.423462174533773, 0.4250708025724699, 4.856680593453329, -0.42164341450583587, 4.760935511369338]
[-0.06091115206607493, -1.8177331047644387, 0.015979220799773472, -0.9998723241007484, 1.1587506728379808, 0.7830870647839855, -0.9665213382126572, 0.8039392352030926, 1.3778065334889895, 1.8725154231835288, -1.1314084381631666, 1.8191653654803062, 0.5049902348670621, 3.459801421604684, -0.530302627146262, 3.4524500973065573, 0.42422258139791746, 4.925369665971195, -0.4305838769541914, 4.820544080207154]
[-0.05569554910640229, -1.8498800729574596, 0.01887571592349882, -0.9998218378033035, 1.1508135268835142, 0.7642105885147767, -0.9949372706800714, 0.8180530330810569, 1.3718798569241022, 1.8569291702905981, -1.1569015454258598, 1.9232779936047217, 0.5069855563381286, 3.6396653493734767, -0.5293043888246257, 3.628238021212902, 0.4585796654314888, 5.220263836208416, -0.4649329655266214, 5.14872231579353]
[-0.03487715133138454, -1.8188522143809822, 0.014858400508838413, -0.9998896078739488, 1.1051176958413438, 0.7304894515367671, -0.9199589882439728, 0.7284128056203261, 1.274486401937426, 1.7973515310458517, -1.066192776820258, 1.8773928509816715, 0.49221311698843145, 3.5254533299181277, -0.4918338911803196, 3.4757707646236304, 0.4650674428946448, 5.081800696031272, -0.4478186593609301, 5.0467365540023925]
[-0.02049007033719331, -1.8270432111975654, 0.020773013408281457, -0.999784217675964, 1.0984833468969624, 0.7056942850056621, -0.9242550141613058, 0.6990106199614073, 1.3087059873912352, 1.7483802314682861, -1.0482830366111748, 1.7489543235328386, 0.49203940078475333, 3.5533042196630653, -0.4714851104483629, 3.5228243040993497, 0.4829838771306781, 5.166750196137385, -0.47228156727546033, 5.095667199897976]
[-0.026609580687267008, -1.8225195226384712, 0.02033795615259461, -0.9997931623788667, 1.0935123644215474, 0.7051463130837065, -0.9196323160853611, 0.7199161825115278, 1.3013391004228116, 1.7795220186178247, -1.0395099873974056, 1.77298873258477, 0.48688741033351945, 3.545338703884249, -0.4499645648831372, 3.483180156474247, 0.4745631259255747, 5.151640419903337, -0.46368385063292805, 5.039017477592032]
[-0.013991286200524936, -1.8189113107215236, 0.017129835345414, -0.9998532736062021, 1.0916887641302955, 0.7110149196452381, -0.9123846369958911, 0.720239705168972, 1.3133360174451405, 1.7675985978094364, -1.0300723453032017, 1.7435186178792916, 0.48552158515382987, 3.538425108816259, -0.4399917534963476, 3.4773806985646156, 0.4703202346080903, 5.141860085847963, -0.45429950175035516, 5.019006938119251]
[-0.019179486591531663, -1.8198173224249976, 0.017342540343435738, -0.9998496068381666, 1.0951264633892919, 0.7078011049989479, -0.9124311321662405, 0.7201049907478987, 1.329109108471826, 1.77523013386443, -1.0316762424466668, 1.7468300547353215, 0.49114948082227217, 3.5540001456774775, -0.43622898551535577, 3.4877709428462937, 0.4617085976706633, 5.150506825528128, -0.4527389186549932, 5.041401706162832]
[-0.019959797332641416, -1.8236429856685892, 0.015959139484270603, -0.9998726448237902, 1.1102397840914662, 0.7127673835575108, -0.9143743126840768, 0.7173146621612647, 1.3567074288498449, 1.789106395953075, -1.061656923537045, 1.8207669749542972, 0.4940699546889308, 3.5781518196370845, -0.4302942676119638, 3.5210383588437764, 0.44597592006330566, 5.1605333187508515, -0.43613854034203525, 5.1088346378099025]
[-0.0019855073996738436, -1.8389403356639134, 0.010233145378131157, -0.99994763999705, 1.161786255233709, 0.6864604615186761, -0.9256834520006659, 0.8050094131215748, 1.5021724511655417, 1.9619487505880653, -1.095820218300304, 1.9715619333278696, 0.5234724446339273, 3.659251600282061, -0.426027404343087, 3.6209570108667366, 0.45583824651665256, 5.207678747774543, -0.4233690399900618, 5.201407687749774]
[-0.019643828648214335, -1.8275582627420857, 0.00504069703961461, -0.9999872956059765, 1.2031329146911465, 0.7485441656096677, -0.956591841057258, 0.8171377302148947, 1.5026613072977182, 1.8063431310506444, -1.1148969548909957, 1.8843553096705226, 0.5223717261475681, 3.5625476966613907, -0.4499928156298707, 3.5543989814913237, 0.4341171813301419, 5.011554123714191, -0.4279873330808547, 5.023496989823787]
[-0.03795567389784046, -1.819913130740693, 0.006947588966529486, -0.999975865212532, 1.2228660801833613, 0.7961603038165479, -0.9723642601376002, 0.8876162255516193, 1.5242133664135118, 1.8618881606336977, -1.1189535215681075, 1.8740459609276392, 0.5060447544236545, 3.462231527117019, -0.4644354771640668, 3.4798611794334278, 0.43349762352900334, 4.846789429741311, -0.3669228970246343, 4.895411757078519]
[-0.047789926191481105, -1.8247789418769251, 0.007825182915572746, -0.9999693827874621, 1.238098448968792, 0.7180672263006005, -0.9679469462960143, 0.8467055816714685, 1.5557525257814309, 1.8929450854357195, -1.1396524339784238, 1.8701153597226978, 0.5207155566154585, 3.4573783262669804, -0.4752832782629936, 3.427730991920655, 0.44573211216882785, 4.778125000240097, -0.35402417894598764, 4.801796711173426]
[-0.05745475664760021, -1.8295414833220716, 0.008693810910976523, -0.9999622081118087, 1.2416265258300583, 0.7258874468391588, -0.9671464759829206, 0.8335040126409072, 1.5611258189653305, 1.8709449837597447, -1.144441087370814, 1.8566045726690807, 0.516890051197924, 3.4464851167055173, -0.4878278334972809, 3.417907363603633, 0.4463076939908185, 4.792875967063682, -0.35867849727524526, 4.782862912032544]
[-0.05473922977626617, -1.82741654708232, 0.008228608802701142, -0.9999661444254861, 1.2395577050508266, 0.724159332599932, -0.9638029777199566, 0.8260777609086671, 1.5536849454598691, 1.8702725274556782, -1.133084647342209, 1.8215064147471096, 0.5193092129955994, 3.425412588124243, -0.48726897474544095, 3.4191910318995236, 0.40384074673134424, 4.8186167314990715, -0.35578410756649104, 4.780845457463765]
[-0.07250426656457727, -1.8122175931173592, 0.012382973182565777, -0.9999233280482859, 1.1767115920037718, 0.6861192380865104, -0.9374486577575801, 0.7182423979393584, 1.4384888201207418, 1.7903728139511403, -1.10298312975913, 1.7883917673678622, 0.4974468023205015, 3.420081788131616, -0.4841358484090918, 3.392751553906493, 0.3955318522440605, 4.781595444913507, -0.3923500006249793, 4.688893202984213]
[-0.06012372676273621, -1.8449274205235597, -0.002191618545751195, -0.9999975984011911, 1.2071787482385727, 0.7867933505678991, -0.9544688466882821, 0.8704429711203165, 1.422710220823952, 1.8420059531661745, -1.1232732773192176, 1.9932748688401434, 0.5108223516083972, 3.614632753826072, -0.4596045990596378, 3.6205326324244167, 0.44285803147871416, 5.073363904034296, -0.3999863659469159, 5.040646173091517]
[-0.04999362957889383, -1.8288707908568247, -0.010093660041842534, -0.9999490577159218, 1.1255733677152078, 0.6609982373834518, -0.9060166897254845, 0.7127102436482922, 1.3336409830695692, 1.6823129933131453, -1.0589310127646905, 1.8168186053510522, 0.5030612514568608, 3.519589272049017, -0.4239850129462609, 3.457857178491823, 0.46078458369654274, 5.037139634419647, -0.38557871165495583, 4.984241109888053]
[-0.053370067999585616, -1.822215813150172, -0.007317286217083047, -0.9999732283028467, 1.1018219833031186, 0.706497268174244, -0.9017602817842872, 0.7320297965922304, 1.3119614897017158, 1.747290169249417, -1.0347217366937924, 1.8136653368842788, 0.4903020674767013, 3.5188044259056923, -0.4154169843594032, 3.5022778035162987, 0.454607035570907, 5.0570935136060315, -0.33238732673342797, 4.880287871245849]
[-0.08785958963304889, -1.813682158182763, -4.920964582036922e-06, -0.9999999999878921, 1.082303987767254, 0.70413301627103, -0.9126748877345541, 0.6766688663758057, 1.3003230980124467, 1.7291891835850834, -1.031746421688185, 1.7925111982728603, 0.47725822964995246, 3.5174981117463804, -0.4027744276536284, 3.485863170855932, 0.44931381563535816, 5.03532066775359, -0.30131110199282285, 4.857448220089715]
[-0.10915037814441723, -1.8055909996460415, 0.0014672529020154919, -0.9999989235838814, 1.0722943370611566, 0.6981273113004351, -0.9089490109616685, 0.6830125607689073, 1.2964311946617029, 1.720606281276796, -1.0248923540709933, 1.774419486682845, 0.47219014393607284, 3.5027448818442695, -0.3842444822048752, 3.471201834450322, 0.41529027545918235, 4.983426053810777, -0.2497307106105267, 4.850845487625136]
[-0.11547161916831733, -1.8064024626718658, 0.0018083237786211013, -0.9999983649812192, 1.0811116244145462, 0.6964073571313417, -0.9128868789131837, 0.6886157795626638, 1.3130141582239465, 1.7420102598334264, -1.0310558394835385, 1.7831821586462269, 0.47040060206609324, 3.5143146467722852, -0.3554975962488702, 3.4888533704241094, 0.4030127222900694, 4.986560910980658, -0.20936011041688005, 4.92554663475465]
[-0.12749894908791404, -1.8119046509237364, -1.8786161176006063e-05, -0.99999999982354, 1.1020629147254979, 0.6965119081781601, -0.9256521469292439, 0.7243210933968675, 1.348464816899259, 1.763989402308117, -1.0470848832382593, 1.807243290583673, 0.4706576536232004, 3.5771393548146317, -0.31493189939387767, 3.568973160738944, 0.3560237710561245, 5.064711098033061, -0.1526540263537565, 5.049902244983733]
[-0.08158566792742901, -1.8408340798860168, -0.008551579032789998, -0.9999634345795081, 1.1901086660178304, 0.7211145712265743, -0.9685867240743252, 0.9130250713815729, 1.50935956472262, 2.006883396411272, -1.1041417514187075, 2.00764810753828, 0.4941783084997218, 3.6718769254193404, -0.2663901460369456, 3.6475047212304403, 0.38974855213742843, 5.18517649915902, -0.07578271263295487, 5.153066691505391]
[-0.06601892600711534, -1.8379015209841387, -0.019640063945296125, -0.9998071153418667, 1.2500170977089136, 0.7559512030801379, -0.9660023378836036, 0.7906581766916072, 1.5274103605063805, 1.8882770815965673, -1.1117814682203546, 1.9274234479338652, 0.513530669040666, 3.663029231774139, -0.2567812771225954, 3.5839328770559713, 0.3779964245300038, 5.049635072414207, 0.03382618600474061, 5.0066278861860205]
[-0.08838411842243564, -1.816068081083298, -0.003575790050106937, -0.9999936068423225, 1.2303890918860976, 0.7321502789980794, -0.9473293481814214, 0.8490379254967021, 1.5506636569818504, 1.9072226463985194, -1.1179141214088195, 1.9127089454926833, 0.49907678753245416, 3.485311255337391, -0.2638934708726562, 3.4076032289848004, 0.3605203909920389, 4.807620943715546, 0.04858369443649279, 4.768564194669555]
[-0.08959941429026212, -1.8295041662204528, 0.0004188779239758311, -0.9999999122706386, 1.254564222841475, 0.7314721141998581, -0.9631515692655594, 0.844848418310873, 1.580243352096014, 1.9083638922374293, -1.1332131566750923, 1.9521898962572828, 0.5066539745480343, 3.5318111807224124, -0.2769959766671304, 3.435375302660564, 0.3542080244757198, 4.872105656171378, 0.06658576299819653, 4.808224847730952]
[-0.09516667555702128, -1.84667567255985, 0.0010878608229132126, -0.9999994082792399, 1.2604444134316815, 0.7237864977478362, -0.9681916042317477, 0.8867340984828813, 1.5982580677536322, 1.9098975070429929, -1.1512432433609117, 1.9944357449406886, 0.5331088128563019, 3.43270686789432, -0.28391057434937716, 3.4801324721066025, 0.39581921622071586, 4.908144300036304, 0.037647813858430995, 4.809491734749548]
[-0.09297832404640657, -1.851002904042102, 0.0013848559510823942, -0.9999990410865377, 1.2620387111381746, 0.7276142512368966, -0.9599101116604846, 0.8801684095092821, 1.5861613308709086, 1.903808064388323, -1.1153607406301247, 1.9959322262538013, 0.569900031827242, 3.313670924654451, -0.29082485594900515, 3.476425623057955, 0.40810702953673184, 4.787029995241659, 0.033030674358735745, 4.813413867397951]
[-0.08228942462066963, -1.8557273968789534, 0.0009665890902150937, -0.9999995328526562, 1.2582897327881326, 0.7371452372641308, -0.9582992555551603, 0.8375723572516731, 1.5548265660021316, 1.8669073576137913, -1.0811566345516825, 1.9308370888854058, 0.5749170545763956, 3.278491891721205, -0.2945000899567282, 3.4820206646773277, 0.4617288516315224, 4.7697826590779115, 0.07087539978421811, 4.847894733754919]
[-0.06263705394002993, -1.8731553741379123, 0.007564797444903161, -0.9999713865104429, 1.2755512341808268, 0.7541449720520583, -0.9885063549510547, 0.8003556950426773, 1.5666592685541345, 1.9241199856224178, -1.0422548343359093, 1.9444770005049847, 0.5818293292147136, 3.350164132503778, -0.2948349309496301, 3.5200014984821033, 0.5546409175739557, 4.9621299880116645, 0.0409346489852432, 4.915010031487973]
[-0.02395620223703886, -1.8811532307936512, -0.0025615014248849726, -0.9999967193498438, 1.2613513451574716, 0.7064649667140417, -0.9914479050247785, 0.7570801163012149, 1.5522620786502748, 1.916718295200937, -0.9897768082595362, 1.8821564517631653, 0.5826490107914283, 3.385022425227032, -0.2602528022825334, 3.5514046247286606, 0.6032901654617822, 5.059533063909031, 0.049542199381211745, 4.989782272383899]
[-0.019945994888170115, -1.8775136508146535, -0.0002619939070344976, -0.9999999656795958, 1.2074068648924685, 0.6762021321072769, -0.9886253510466754, 0.7638195432815874, 1.4970033082887766, 1.8680226294687234, -0.9783179020962249, 1.875531151581313, 0.5658837528225099, 3.3882925232093672, -0.24121013718271367, 3.5498972127673523, 0.6350438332371325, 5.092715090739773, 0.025560931998507275, 5.017675993771896]
[-0.05076253734795826, -1.8784777606814158, -0.005634196161203642, -0.9999841277908451, 1.187875936399, 0.7105144682989972, -1.0128969080061594, 0.6527004990462584, 1.4799747802174064, 1.8698835908114788, -0.9728037555988015, 1.754852771585659, 0.5522703065866392, 3.4095195082381404, -0.23762198304929635, 3.5664923142587166, 0.650831042006587, 5.107799735389791, 0.005890116031894375, 5.0376838054762505]
[-0.04355239886226708, -1.878735824426939, -0.019905501077102303, -0.9998018658848709, 1.168291309025995, 0.73576561021261, -1.0112629817480934, 0.6382670486582828, 1.440658285960403, 1.799384065790369, -0.9684452461950707, 1.724423059496625, 0.5418425505027862, 3.4039101015644495, -0.2272364151412841, 3.5560840584386026, 0.6379542094093779, 5.087864011095136, 1.5968310927928725e-05, 5.0350160641914385]
[-0.07227006850741496, -1.873340721060649, -0.029737006776132505, -0.9995577574247504, 1.1499860778418032, 0.7343069280080395, -1.005382557607417, 0.6187980543497753, 1.4238421206391672, 1.7807586503984025, -1.0101187486049172, 1.624354492721559, 0.5385556766115968, 3.3813231301703035, -0.21245356283024017, 3.558269535335943, 0.6522974882961836, 5.0035278783890655, 0.009535414856532316, 5.056505689820764]
[-0.11451729845200773, -1.8619280774852596, -0.031628743169107035, -0.999499686145795, 1.1475433401864268, 0.7454670317813779, -1.0103683221844801, 0.5910567862407234, 1.4084431953336023, 1.8071677528902221, -1.0130808496309949, 1.5965998979550151, 0.5320159109469217, 3.3523748796803323, -0.17454234953222025, 3.522326143906312, 0.6374207685411054, 4.978935316828503, 0.015981063690499255, 5.028299823667661]
[-0.18813994029019174, -1.8692985624198801, -0.03792627189981207, -0.9992805401386446, 1.1652264987047156, 0.7858042413091735, -1.0192544914950397, 0.6099924076157913, 1.4486521992820738, 1.8851247939062368, -1.0435689669894788, 1.531340760029812, 0.5421152616039577, 3.327885411901698, -0.18649497666953008, 3.5088078466035313, 0.6241821097472771, 4.983686543734818, 0.02581194348413134, 4.997038064767398]
[-0.1874858017553041, -1.876454691411823, -0.051501509268589804, -0.9986729166964815, 1.19175142755174, 0.8368159267634592, -1.0075636202581333, 0.6347076048125828, 1.4819042417099442, 1.919783558048787, -1.0340246486381193, 1.4829926005544338, 0.5550086219470217, 3.2629884950182597, -0.1768095316058275, 3.5252384287518814, 0.659255730851461, 4.9171397064055915, 0.05570399100520555, 4.9246160914439745]
[-0.19992647452234374, -1.8682168030802448, -0.05333580839896409, -0.9985766327840988, 1.1728315309804573, 0.8437445522914561, -0.9933933003508255, 0.6041794638785526, 1.4713516565868674, 1.9375507888666421, -1.0493535780098304, 1.5005466791340882, 0.5653325004735983, 3.1808307954772608, -0.1950954079023327, 3.4433148878491786, 0.6461919669322997, 4.845449396293006, 0.05533574636129364, 4.7916177451208855]
[-0.22756095294272824, -1.8750303356588778, -0.055941907939902585, -0.9984340253296877, 1.172947368051675, 0.8277669777394525, -0.9823456120659766, 0.6105524611963676, 1.4450631201421915, 1.923367160369655, -1.0780058028402544, 1.5238111817520188, 0.5635565348509266, 3.2039438685720407, -0.206520721565048, 3.4251413223564424, 0.643898707471491, 4.8939615629156465, 0.06604706081324721, 4.757954579280973]
[-0.23515916485920524, -1.8770489441469793, -0.05368210918337631, -0.9985580760044076, 1.1632959692286735, 0.8153761667999617, -0.9839315092565675, 0.6095697444785069, 1.425584472326758, 1.9282127163762586, -1.0965967132605587, 1.5424435436723327, 0.5424246202697798, 3.2115315375264113, -0.20821529540862377, 3.3939783374924213, 0.6324191976738023, 4.91608930608845, 0.054810512623749, 4.706286773869876]
[-0.19236809608294447, -1.883583120084598, -0.05273225517262454, -0.9986086867559331, 1.1499535052877943, 0.8243544557903472, -0.9856650588211096, 0.6667180567277003, 1.3805040261780128, 1.9197832218682627, -1.1110236274655096, 1.5831122578375658, 0.5199783276449139, 3.224890983078095, -0.21958142420206728, 3.3799768622635136, 0.5924117408856028, 4.943952338741243, 0.037373410003643186, 4.685222185159863]
[-0.19957458585263352, -1.8966090749979219, -0.04279761601578025, -0.9990837622859086, 1.1263582305755333, 0.839328448510709, -1.012530188973848, 0.7174967806564648, 1.3330867184503008, 1.9275814773382849, -1.1389443876519791, 1.6687052923613466, 0.45918783213887154, 3.26255006110834, -0.2570897164849341, 3.3369105458243253, 0.5502123743532347, 5.615101524594172, -0.019419292725080597, 4.631100638594012]
[-0.16672384415347474, -1.8915625378620835, -0.026990581076356185, -0.9996356879049292, 1.0995101006218142, 0.8304301679589451, -1.0365949379567174, 0.7568896211271774, 1.2779050712723827, 1.9103095550292135, -1.1577650623735767, 1.7215624441940065, 0.41083563077208357, 3.243289472207768, -0.29233422624384864, 3.2562269077365373, 0.4867553544259711, 5.551203395396896, -0.06399948542481879, 4.510130749532035]
[-0.1815298589900592, -1.8632447394265337, -0.010479040501137373, -0.9999450933477176, 1.0486328812849646, 0.8091446634651694, -1.0345383355904685, 0.7573978195783385, 1.1875511036380146, 1.8630687466043778, -1.1714951858606273, 1.773658454695266, 0.36054466801057355, 3.195437632179865, -0.3487283353636397, 3.119105616733834, 0.4746304272560315, 5.431923170117184, -0.15720427901613068, 4.339290973972572]
[-0.0645095272364468, -1.8674136957111893, 7.14275591365596e-05, -0.9999999974490519, 1.0297137602999502, 0.738225588905632, -1.0275789236835104, 0.6856559874099963, 1.1484785853306978, 1.7865262924310676, -1.1809576391003525, 1.803044962665064, 0.34224778533169464, 3.194814164783576, -0.39288590074802887, 3.0880642979360373, 0.48918761243878023, 5.398843489824585, -0.17874336045582417, 4.250284036801878]
[-0.19650085158899822, -1.8421284231108244, 0.009132186163518253, -0.9999583007185222, 1.0208089488926677, 0.7315606608925699, -1.0188917233510666, 0.6951761083335054, 1.1325592563857796, 1.779840732457808, -1.1727149970977404, 1.8032049304347066, 0.38049489142680926, 3.1876022104604482, -0.44351884984020806, 3.0600310430072395, 0.3479278340143965, 5.329194469578228, -0.22534690188476506, 4.1576397619402865]
[-0.18625652445672766, -1.8495377997110558, 0.01006356838876578, -0.9999493610134889, 1.0056312856667802, 0.7020957849962538, -1.0207014453274752, 0.6400135531352185, 1.1374767371129242, 1.8254858356125983, -1.196102213090861, 1.7530562710857942, 0.4054520151399927, 3.181047100453432, -0.49778212517949955, 3.0490461899923385, 0.2511255363518715, 5.276918475184714, -0.28928983746691495, 4.10453855171598]
[-0.20345868794747138, -1.841098810384065, 0.021808953740696812, -0.999762156483599, 1.0202563534638036, 0.7405443419932722, -1.0162576170912008, 0.6253657776331308, 1.1518234154826419, 1.895357981930361, -1.2086696193581519, 1.7192536863271786, 0.40661893473358995, 3.195101663814868, -0.5330765558003975, 3.0791969873309424, 0.2619685352079366, 5.283547321293413, -0.3195842245009649, 4.094487750789612]
[-0.20037075362016915, -1.8621324143751998, 0.024467590850819603, -0.9997006236858897, 1.0752651938732989, 0.7714325967100475, -1.0138543857320503, 0.6206658451223951, 1.2098650031973095, 1.958340456895619, -1.2257936446721092, 1.6747676646495053, 0.4194802560724072, 3.2570838892525056, -0.5434648137465786, 3.153628137564002, 0.2981925535797598, 5.318931273484504, -0.3329960577256046, 4.164749125454906]
[-0.1463656655069986, -1.8623783568232735, 0.085734306690197, -0.9963180358983527, 1.0050438069481926, 0.7245937843777311, -1.0867367698289705, 0.6003892944993101, 1.1643382355529486, 1.9651513457113654, -1.2994950443983921, 1.6494141501258572, 0.3432810319098536, 3.252026054743881, -0.6414188246290219, 3.1693491432775494, 0.2461146098705732, 5.335950430604948, -0.4106139482357282, 4.209219815929358]
[-0.20155053967522749, -1.932995722862773, 0.03970050870976447, -0.9992116240357624, 1.1471750456431553, 0.7029170055445715, -1.0749012037988201, 0.5849329315991755, 1.3043734953859627, 1.8158608071652649, -1.3060410867241814, 1.6812025338265204, 0.4392681995930386, 3.401306337933456, -0.6198937824018128, 3.3261799874706806, 0.41589839780882487, 5.601179378915083, -0.3687040643831162, 4.509442849590147]
[-0.20664640827780417, -1.9634451619212099, 0.042426567765797764, -0.9990995878027447, 1.2090931121775945, 0.7007267695059481, -1.1157078639748117, 0.5875064147201005, 1.3642338808179995, 1.8508011122389307, -1.3834575734716585, 1.7048462788516383, 0.44526757853865373, 3.5420260997861726, -0.6416595727939525, 3.414464538946029, 0.48826549952130643, 5.777752475900357, -0.40029994062545593, 4.689647426319987]
[-0.20204559503148087, -1.9623959510789084, 0.046563384639479385, -0.9989153373589355, 1.1995089986385545, 0.6711542452965511, -1.1237625938050708, 0.5743290743892403, 1.3848305709423512, 1.8620202388644593, -1.3970186996239502, 1.7300122778034166, 0.44087739720828856, 3.5491219051530427, -0.6595207327645496, 3.4034108722307845, 0.6194624539943688, 5.765617629622269, -0.5687015263306436, 4.640144136947807]
[-0.20021561916039296, -1.9737099245329877, 0.05132186017326565, -0.9986821649896207, 1.2093287730218458, 0.6290626155967933, -1.1404318710214367, 0.5810585233542443, 1.3947495639863428, 1.8147343252745107, -1.4218458618242582, 1.7099564639168674, 0.44335967870960274, 3.5405058364979913, -0.6934704516410761, 3.4416551427604785, 0.7470951226923045, 5.72210970607241, -0.5215856665524151, 5.394236056517516]
[-0.19643901287222898, -1.9753542500118806, 0.05560030737487625, -0.9984531064701133, 1.2080313322586056, 0.5484301082873722, -1.1580384181224361, 0.5571708251409666, 1.372876747590681, 1.6523643797294485, -1.4375143561059316, 1.7550035166409368, 0.4592100379023471, 3.4658313330904935, -0.7259993194455285, 3.39469887083375, 0.6784108870651878, 5.562964945348241, -0.5755889976000121, 5.565219972925908]
[-0.20010678626788217, -1.9898140701917786, 0.05582787524105541, -0.998440408009446, 1.2098217227353871, 0.4966552555950985, -1.1720426588195378, 0.547951489104538, 1.4200521038056175, 1.838917555315836, -1.486322829690964, 1.7962448130175728, 0.48106940602375825, 3.470332629125997, -0.7690339579677244, 3.4027945909456894, 0.6235344789067033, 5.500443201590629, -0.5455871066600988, 5.7604397116643336]
[-0.1960802020289641, -1.995665799950338, 0.06144854616132472, -0.9981102525145504, 1.2000569932159408, 0.46211085344309005, -1.1999776226196455, 0.5459401474566914, 1.3442134453040593, 1.5418602753492474, -1.524933834480551, 1.7320183836079472, 0.4930252770930382, 3.458780991443706, -0.7947741610929036, 3.411850953798792, 0.5116743644165095, 5.43173249163324, -0.9825965600257933, 5.935073364476811]
[-0.19496733217713255, -2.002836455426425, 0.06443258050752478, -0.9979220623721781, 1.18779784524184, 0.4810448799884625, -1.2198448500555539, 0.5267895305573691, 1.3164975035441686, 1.5759288251726136, -1.5749772891678429, 1.716098635487218, 0.499857570699551, 3.455352956502438, -0.8357071311561182, 3.4006771117761527, 0.3074583356348093, 5.352994272172386, -0.9718085367696514, 5.654822259680439]
[-0.19258453113338514, -2.012616748462256, 0.06952017743285939, -0.9975805455850189, 1.1742827552688364, 0.479913791955663, -1.2637041736091084, 0.5032361666669324, 1.28656289515158, 1.56252621547711, -1.6430871496954804, 1.6652944538249463, 0.5118172266725413, 3.456388228848907, -0.8541995348613505, 3.4231012028429326, 0.09019507620910916, 5.266718464949137, -1.765523364187805, 5.136870305942917]
[-0.1750666735118427, -2.0059529888403014, 0.0856162123228742, -0.9963281910030873, 1.1341182393826301, 0.489378816255053, -1.278732415484597, 0.47739086781643225, 1.2343654794841006, 1.5375241793591903, -1.694830555467636, 1.5929895396585265, 0.5117325442244554, 3.404353608534866, -0.8791045551540416, 3.409766007457247, -0.21700456850890873, 5.029391054888507, -1.7896845001385475, 5.136490212211098]
[-0.3274109488356195, -2.013472521745503, -0.059125091556735586, -0.9982505815417329, 1.2807806566078206, 0.4853536730983661, -1.1410291105250236, 0.4448282572519703, 1.3764579648204487, 1.5461702433742897, -1.5486588191253183, 1.523984120847088, 0.6967538678524621, 3.385096138865138, -0.7238336705088977, 3.401161043724362, -0.2518150887598565, 4.661233678345318, -1.3743972236431783, 5.319290661356186]
[-0.3064321823605745, -2.0966075348541247, -0.016972642124689536, -0.9998559543350769, 1.2860516180812522, 0.469256852592903, -1.352847682610682, 0.3831152447976894, 1.3848646769421098, 1.7008192765223564, -1.7871527762997965, 1.58129513797704, 0.6880098663574072, 3.536413312974966, -0.8432430154372663, 3.5592936453464548, 0.6655343340646869, 5.041676551397458, -1.600116266839862, 5.649524520752437]
[-0.3037813927524169, -2.0984334914037595, -0.013233870956022334, -0.9999124284953754, 1.2427426023562096, 0.45125060223178787, -1.43394592092551, 0.3738645008831796, 1.3653383709465179, 1.5782067009833711, -1.8838030958681926, 1.6260075044422835, 0.677170126677303, 3.497629991939596, -0.8595592853302894, 3.4971666750931476, 0.6748864988899652, 4.966508612388792, -1.4908471735029727, 5.677939188210942]
[-0.3090984651483416, -2.10036188708243, -0.017231455588162994, -0.9998515274471071, 1.1445663992080481, 0.5227860865097699, -1.4928828507479954, 0.3452637448662429, 1.272330381990034, 1.636040016091256, -2.0013907091352428, 1.6601788447549763, 0.6432776118502472, 3.4268205591333003, -0.8500037098430299, 3.422992239138572, 0.6358384461800528, 4.877642193558811, -0.7456260759431195, 5.730817427817245]
[-0.324960375905634, -2.0812619667970593, -0.036339519212760914, -0.9993395015425866, 1.1175736130540244, 0.5237762224216074, -1.4868885269004604, 0.3352673464045008, 1.2441065910173759, 1.5871140598100169, -1.9766868981623127, 1.497963387399092, 0.6593287145159628, 3.315593959245675, -0.7881330190902831, 3.2044088785938385, 0.6713028231336294, 4.565326603210562, -0.6334178423614673, 5.425159680694569]
[-0.43146487511269976, -2.1906486133349667, -0.10612875026215665, -0.9943523964710865, 1.2967924962633832, 0.5010875050183374, -1.5977902537583588, 0.20987783173132898, 1.4618789104881844, 1.6891767274230756, -2.1609936235396336, 1.367166960331428, 0.88892644914351, 3.5135957963319697, -0.7596731272906645, 3.259092206570704, 0.8664950482945576, 4.880059041769489, -0.3521904873094602, 5.576901935275692]
[-1.3259565694458393, -1.540286256652369, -0.25456405497235646, -0.967055914575797, 1.4533950004430785, 0.678294106314118, -1.7864560004684908, 0.596491254408818, 1.6264074256500403, 1.8693022620539603, -2.008072304994471, 1.5229220447421927, 1.084771337062289, 3.529979037760504, -0.49198173677712087, 3.384993643255868, 1.1064371199623744, 4.872098134753915, 0.11544503937002346, 5.591094102736048]
[-1.358686050699012, -1.7244119024461644, -0.3743105680360497, -0.9273034016202732, 1.6106482961322568, 0.5280451627515138, -2.750299222714845, 0.28155246581723126, 1.7563936429716691, 1.8278205011002464, -1.3043721954205818, 1.0683562149086547, 1.1429160978553767, 3.546102833819209, -0.4007358741933274, 3.3998768923793694, 1.2997822549781564, 4.779904625984837, 0.2912437268292604, 5.5690999388706155]
[-1.358686050699012, -1.7244119024461644, -0.3743105680360497, -0.9273034016202732, 1.6106482961322568, 0.5280451627515138, -2.750299222714845, 0.28155246581723126, 1.7563936429716691, 1.8278205011002464, -1.3043721954205818, 1.0683562149086547, 1.1429160978553767, 3.546102833819209, -0.4007358741933274, 3.3998768923793694, 1.2997822549781564, 4.779904625984837, 0.2912437268292604, 5.5690999388706155]
[-1.4979893098535138, -1.5088291545255865, -0.3657625293868627, -0.930708209965145, 1.4601141659963526, 0.34915289900456, -3.133412976435502, -0.25101449273060655, 1.5423373613513383, 1.7273388306376471, -6.2039050299585865, -0.5613106212747646, 1.0788295488720565, 3.1902962884230983, -0.3238402738177488, 3.817406889881705, 1.2010535195030299, 4.287445888360368, 0.6743382786862983, 3.476375707908524]
[-1.7099744619976085, -1.0496212438044596, -0.359512075655302, -0.933140432870646, 1.616661613653407, 0.289015716295055, -2.0365755258357683, -2.509444626266989, 1.5896574581900706, 1.8599686963970123, -2.8227245671758907, -5.512763986784138, 1.1544371983276178, 3.292643609958187, -0.27197021565660967, 4.242190568845435, 1.2857910332178477, 4.368987845101554, 0.6959181809804508, 3.494395822086814]
[0.7369287768414613, -2.2279299804460986, -0.3125499546902688, -0.9499013242558991, 1.6803747208483826, 0.5899601607536366, 0.09388114736283397, -1.0847473004392965, 1.6987567400198207, 2.167310576394985, -0.3710217373790099, 1.3030458264734137, 1.3029150046327025, 3.5730753042541927, -0.2835975405336973, 5.229889822021782, 1.4405724089218852, 4.700494611486957, 0.82874095744944, 3.301607913412841]
[0.7766017190200551, -2.743111485542376, -0.12054731634536638, -0.9927075825850885, 1.7229024893760492, 0.8716761427612452, -0.3448499975471947, -1.2248562566049006, 1.5446355047866531, 2.86158379682475, -0.8079984060372482, 1.7639799947867962, 1.2789980328806985, 4.1948529993138, -0.636574188981768, 6.2057760280900265, 1.4841497729777529, 5.589091265521603, 0.6242065286657531, 3.97941613394635]
[0.390363316754928, -2.7231034247455304, 0.16950433431561351, -0.9855294417967536, 0.9466001893739446, 0.5428375760130751, -1.508945203622595, -2.1325052780877525, 0.957833517533458, 2.3175536326209056, -1.2574343140873272, 0.45906392479026764, 0.5412755687423445, 3.5309802826694745, -0.6680420074299285, 4.6397690245530345, 0.9898612010160089, 4.510361349813224, -0.14650334896659023, 3.6516972684406137]
[0.5354230273948646, -2.5279521337633075, 0.04624924908067346, -0.9989299309558574, 0.7411436198971166, 0.6896471242300832, -0.805387495599584, -1.1771185528577262, 0.6199025752851084, 2.414949989726948, -0.9075598573975927, 1.225422342484366, 0.4845086016947824, 3.0707280220229483, -0.17000083215307124, 4.593889210496325, 0.6083912543703848, 4.026141169817959, 0.9855764824181324, 10.372749231547576]
[0.937446941337014, -2.601588073411587, 0.17255047559141826, -0.9850006768389428, 0.36121666745230085, -1.1812546550700294, -1.24126703525591, -2.069142931339836, 0.7371689500968301, 1.6605939145853503, -1.5704227374784783, 1.4029643907494795, 0.364442886410453, 4.188983798179302, 0.4849206405424925, 6.9036574257699845, 0.9694953408337059, 5.248325128621115, -0.36479477785624204, 4.916351002406299]
[0.7592944823743172, -2.043218492763033, 0.1354415270061534, -0.9907853414146988, -0.033906264894730836, -0.9474544229383242, -1.7224634754487318, -1.843361762871685, 0.6364406686983027, 1.52711377126848, -1.7130461925867912, 1.9081528082273151, 0.5286879835243758, 3.476189501128194, 0.7059450633725887, 6.568810477262929, 0.8269828409016712, 4.0055476677187904, -0.2928013403322765, 4.7191264594473585]
[0.9045296237963251, -2.3629762327390917, 0.08672539301103535, -0.9962322551529244, -0.043061488863899766, -1.0104903004443286, -1.8354496267984235, -1.994278378182725, 0.6194357513123284, 1.7438113751295, -1.869535534375942, 1.9953360807046359, 0.4629411305148301, 4.086089759356998, 0.6606590030611876, 7.117996931691455, 1.1090657837559192, 5.135195749993012, -0.27214064626249956, 5.02774494415834]
[0.9541343306223827, -2.469455166616727, -0.0469322405233212, -0.998898075280687, -0.16662096630761072, -1.0507576004334125, -1.8864065078947125, -2.326608149363044, 0.8336130057310875, 1.843949083430117, -1.9876172933770082, 2.2023475030580406, 0.6528695259030214, 4.564221572132588, 0.6782571007925126, 8.055073923624143, 1.3913840734893055, 5.751588371832491, -0.17177456655374712, 5.5065006575799345]
[0.977626453996187, -2.4808161468847962, -0.06700412640680768, -0.9977526983398545, -0.20099911436758774, -1.0335147469522286, -1.750248256528671, -2.349537205800472, 0.8275250822655287, 1.795891876929899, -1.9534040595167323, 2.1169786048694723, 0.6623991129260787, 4.568308682411261, 0.5974762660257632, 8.020346988691108, 1.391246323665701, 5.719929802112526, -0.09816540839019743, 5.296825818765621]
[1.000283273759266, -2.4798187828235854, -0.07872047874850166, -0.9968967279641391, -0.21499089910325966, -1.031560170628155, -1.915564036699225, -2.29497425670247, 0.8242177772462402, 1.7904437229359704, -1.9688895820305063, 2.1539668805797594, 0.5087681578724484, 5.0341313419678055, -0.41172395052873556, 4.79011334528398, 2.220342875927891, 2.4939457075394587, 0.28534239414648793, 6.723585517644506]
[1.000283273759266, -2.4798187828235854, -0.07872047874850166, -0.9968967279641391, -0.21499089910325966, -1.031560170628155, -1.915564036699225, -2.29497425670247, 0.8242177772462402, 1.7904437229359704, -1.9688895820305063, 2.1539668805797594, 0.5087681578724484, 5.0341313419678055, -0.41172395052873556, 4.79011334528398, 2.220342875927891, 2.4939457075394587, 0.28534239414648793, 6.723585517644506]
[1.022065461104394, -2.5026927944552027, -0.09963282734747247, -0.9950242709174227, -0.2412569009913672, -1.0264041494940737, -1.8977069856095587, -2.298639454969409, 0.8466482101836836, 1.8002301381351498, -1.9764797151672588, 2.160127782084348, 0.5221104357360674, 5.046825801815299, -0.38126685997793064, 4.792055281394284, 2.2160524132029384, 2.4776735596773025, 0.31404025530471674, 6.723835065692189]
[0.7816629228185961, -2.3319053603013336, -0.22008814287381187, -0.9754799892188238, -0.34856985332854057, -1.0037002462464195, -1.7670433333815605, -2.163700385407236, 0.6334799621368994, 1.582607525532482, -1.9292424103597265, 1.8551278032974514, 0.9887308626835679, 5.224566608279025, -0.4562906861209425, 4.277418352204719, 2.0286537385325802, 2.3733370701644705, 0.17206103007737855, 6.0241565538242385]
