[0.05413672762862668, -1.9099578221362978, -0.0651921021906255, -0.9978727322719902, 1.0392354531624253, 0.8757292615487416, -1.0786066636722784, 0.8658758892823574, 1.5938057118189841, 2.025109190004154, -1.1359629884707902, 2.038938181469948, 0.6296097949535221, 3.391512206744158, -0.43451331926321385, 3.0380682156210153, 0.7815122378212083, 5.238378599299586, -1.2288560398161599, 5.356504206930258]
[0.05249744682116605, -1.9108377836784023, -0.06533792281918034, -0.9978631949529327, 1.0430736515887604, 0.8862356288274389, -1.0811125434484754, 0.8534885523405583, 1.587895086212939, 2.025415104685914, -1.134936585238223, 2.029302252593098, 0.6296319938973499, 3.3918923988761285, -0.42108416373084784, 3.0212130149410865, 0.7811138728452478, 5.236021003433633, 0.5744257313299918, 4.894822333424167]
[0.05249744682116605, -1.9108377836784023, -0.06533792281918034, -0.9978631949529327, 1.0430736515887604, 0.8862356288274389, -1.0811125434484754, 0.8534885523405583, 1.587895086212939, 2.025415104685914, -1.134936585238223, 2.029302252593098, 0.6296319938973499, 3.3918923988761285, -0.42108416373084784, 3.0212130149410865, 0.7811138728452478, 5.236021003433633, 0.5744257313299918, 4.894822333424167]
[0.04890910043072885, -1.91255122940381, -0.06624822922162445, -0.9978031730381495, 1.0446184480382146, 0.8932217426246789, -1.0785742576290736, 0.857651021086928, 1.5253511989433748, 2.02588707389669, -1.133057682257181, 2.046160499286955, 0.6330511570582423, 3.395087440885279, -0.38360127795747234, 3.0563333570533255, 0.7861307109720035, 5.2429344764632315, 0.49555279126062507, 4.983353352099389]
[0.04125352335529454, -1.911417568483203, -0.06626733890056347, -0.9978019040846924, 1.0463651317647633, 0.8978756705557017, -1.081647911938903, 0.8520719289030844, 1.4855154929329613, 2.0425841655219066, -1.1335744014367313, 2.04785150598062, 0.633992100859832, 3.397831479772914, -0.37560078696877697, 3.0672835040032793, 0.787531319488255, 5.2509393934570365, 0.4763678780120358, 5.004391504915375]
[0.03766874393164629, -1.9127370691536534, -0.06646235768803588, -0.9977889330968487, 1.042364365432492, 0.9115639220673758, -1.084677315145384, 0.8449395923094926, 1.4392304386499237, 2.043178989213738, -1.1299862759817654, 2.0546458962242276, 0.646127209753431, 3.398763857189396, -0.3777690085346403, 3.0662482913894924, 0.8098291981159, 5.249850725833949, 0.44698379959285656, 5.02980580562055]
[0.03727706017195883, -1.9149152481383, -0.0672411031270399, -0.9977367558881745, 1.037946622845624, 0.930072469632885, -1.0849502181702881, 0.8460845750202568, 1.4047957074879125, 2.080126570098881, -1.1271538795031988, 2.05645810015632, 0.6576411438279508, 3.403381311011821, -0.37697051680577276, 3.0620281759995516, 0.8297497069445268, 5.253308124587709, 0.430705736483299, 4.961724721322685]
[0.03435182091968931, -1.9141012810233784, -0.06714863114293065, -0.9977429836063147, 1.0274932801651933, 0.935379963278157, -1.085864921493934, 0.8437228155376535, 1.3678289950815392, 2.085045925876213, -1.1231332808789005, 2.0561364520262164, 0.6561432969813281, 3.4078966594309095, -0.3662208096574511, 3.0719679078392494, 0.8261007552393291, 5.254658089318309, 0.40985037490935755, 4.981843707127511]
[0.030728964190459826, -1.9143185684861908, -0.06762334886066997, -0.9977109214040248, 1.022095342931128, 0.9416887400554858, -1.0844719772722138, 0.8425340454630232, 1.336339772930115, 2.0944032029442132, -1.1263397987625983, 2.010007745526202, 0.6662580035826329, 3.409747547435031, -0.360919297328787, 3.0762467649047873, 0.8440860026826253, 5.254657159289552, 0.40477281162861667, 4.987416679091057]
[0.028143530474316787, -1.9147109331426269, -0.06776222998010414, -0.99770149853958, 1.0083556002069187, 0.9489769505157365, -1.082541973582639, 0.8479462697552409, 1.310428670093737, 2.126546407773654, -1.1292056059875852, 2.0101617629736364, 0.6733830827112488, 3.4092862200948915, -0.3648424195594504, 3.072046416543956, 0.8571512996018571, 5.252943926834877, 0.41388232194393276, 4.978456286347653]
[0.02290925001338645, -1.9173080474296877, -0.06841941048530753, -0.9976566464815653, 1.0014406882592906, 0.956707445153372, -1.0824446340129932, 0.8578578818536088, 1.2969606167817422, 2.165164455518887, -1.111776482228145, 2.0268267041573154, 0.6782419107883934, 3.412674287575917, -0.36876453529873626, 3.0716070887026867, 0.864848655924229, 5.256928014907514, 0.4300258590335324, 4.972707239804706]
[0.022975591947143947, -1.918578373779656, -0.06985575817871198, -0.9975571026509096, 0.9986541351071958, 0.9584360261530739, -1.081008906400142, 0.8665449817751845, 1.2909376147534477, 2.182688307270287, -1.1008357760911045, 2.0408761128550865, 0.6824714751765331, 3.4135315287462413, -0.3748299990292452, 3.069796147984766, 0.871169125464752, 5.259796774211918, 0.4426056149775058, 5.060789782133798]
[0.022975591947143947, -1.918578373779656, -0.06985575817871198, -0.9975571026509096, 0.9986541351071958, 0.9584360261530739, -1.081008906400142, 0.8665449817751845, 1.2909376147534477, 2.182688307270287, -1.1008357760911045, 2.0408761128550865, 0.6824714751765331, 3.4135315287462413, -0.3748299990292452, 3.069796147984766, 0.871169125464752, 5.259796774211918, 0.4426056149775058, 5.060789782133798]
[0.011206578261472002, -1.9213807819819724, -0.07112582996922581, -0.9974673510001161, 0.9952632569379534, 0.9577934368071607, -1.0828923782744726, 0.8859742206995612, 1.2913444615357819, 2.1950561941689513, -1.0972897524401997, 2.0734847729725105, 0.6917186750923838, 3.4152530476929286, -0.3570965617743214, 3.088419309058124, 0.8870514561828764, 5.26338582982039, 0.4223893907274479, 5.087873606572712]
[0.010910688344431641, -1.9196689443426445, -0.07219050155206778, -0.997390861942128, 1.0000416801194751, 0.965938741529337, -1.0802163162228473, 0.8931225339996902, 1.2979070058357178, 2.19554883362303, -1.0996128290692424, 2.0843449538353305, 0.6929873300167073, 3.412982611584756, -0.35061853904751794, 3.091997079649632, 0.8886174635919322, 5.260160556565054, 0.42644692422540864, 5.05565237774736]
[0.007048892420862308, -1.9205349674586714, -0.07107796169689605, -0.9974707631610135, 1.022969044517376, 0.956440141203815, -1.0770596449780274, 0.896510844401984, 1.4740274538975855, 2.197054840575992, -1.1174220797007177, 2.092648758928609, 0.6745102184378334, 3.407431302738138, -0.3473302605587549, 3.089956557117308, 0.8567808519575549, 5.26447189412732, 0.42755301817064445, 5.06065592925643]
[0.005866770224445814, -1.92087153666307, -0.07023504939098052, -0.9975304696283951, 1.1081308391130944, 0.9319983135240596, -1.0747260396877156, 0.895607721966413, 1.6545719599210287, 2.1773564327047583, -1.1273614417774809, 2.094102420405168, 0.6725331613807765, 3.4046822913360337, -0.42114968884513393, 3.128604617348518, 0.855500144169143, 5.263182215709081, 0.6264408528532367, 4.964165786327518]
[0.009289441785281495, -1.9182458064784909, -0.06744030824897584, -0.9977233107546817, 1.2108534339263104, 0.9383422768072086, -1.0719354436510358, 0.8970632339136866, 1.9158481630637472, 2.0813634965348906, -1.1283158912183724, 2.0972646894781324, 0.6753100661857309, 3.4009445211170957, -0.38875545948232454, 3.115559445403756, 0.8655760083001588, 5.254748923227091, 0.5920793234917995, 5.00690524515451]
[0.00894762033419006, -1.9184479471063127, -0.06502055382481922, -0.9978839249032493, 1.2404585949439313, 0.8221715523593744, -1.0715579468294087, 0.9007657377549151, 2.1973146311681124, 1.931406421060532, -1.1329376597807501, 2.101071701981181, 0.6852986669628205, 3.3988110033714394, -0.37414955907456204, 3.1115490104943118, 0.8873837199094159, 5.246722260248091, 0.5544030115053737, 5.021782575896768]
[0.012924062985989939, -1.9174853491270583, -0.06329346899903103, -0.9979949582949148, 1.2626798742437706, 0.7848981204117086, -1.0712151568161157, 0.9011840628816816, 2.4217135978522375, 1.7114608789091994, -1.131509863812327, 2.100438320647194, 0.6966698069874152, 3.3949304522177886, -0.35726269933932975, 3.1063952086476796, 0.9099832961675094, 5.239476819244404, 0.5244629728786172, 5.0455897035596475]
[0.015584377676967761, -1.9172998156478487, -0.06322652492860843, -0.997999201675759, 1.281345701664567, 0.737901469022307, -1.0751756214189967, 0.9087872195536781, 2.5257837659002953, 1.3429879616689109, -1.1411050525972886, 2.106948762144588, 0.7043659774996938, 3.3913808684026012, -0.35000661028584856, 3.1038785927745014, 0.9245331558947, 5.237383060273479, 0.5397126808145486, 5.027532181625647]
[0.018912981006843726, -1.9158750933494761, -0.06124947512829503, -0.9981224883733, 1.2511320086916957, 0.5955409357619534, -1.0772746759653875, 0.9131871955708329, 2.7231159921998556, 1.0057058197565028, -1.151198762328418, 2.1078239164603723, 0.7147161041110854, 3.3898224293923493, -0.4135842755287934, 3.1305149501308063, 0.9446752282696067, 5.23678723744629, 0.6654048392671879, 4.909886335028809]
[0.019561715616099245, -1.9158054952859533, -0.06057873010736886, -0.9981634222203188, 1.2649251450808605, 0.5655058747690002, -1.0821168545473092, 0.9117610110828221, 2.4756498628607964, 0.697168745968052, -1.1616893270588102, 2.101065855648887, 0.7187734273538242, 3.3860135514984546, -0.37838808081814596, 3.1074175937656516, 0.9537109292898561, 5.235187935321971, 0.5967720938298201, 4.971353756375088]
[0.022094050077147133, -1.9148500490667277, -0.05906837281089686, -0.9982539393027573, 1.3022089872248797, 0.5253132485958937, -1.0847166527515641, 0.9123210288019201, 2.789433060378689, 0.2968779092051472, -1.168764927470918, 2.094702520666961, 0.7144550615735715, 3.351588995545516, -0.4452987582055252, 3.0909520732751727, 0.9563255332035498, 5.23133723934006, 0.703164278152951, 4.847946629882761]
[0.02324310203428522, -1.915240200867307, -0.057531168731289314, -0.9983437106650254, 1.4394523892772575, 0.4123363753998788, -1.0870139127550702, 0.9109130459757883, 2.5226599968203303, 0.13881372781160328, -1.1817674081597438, 2.0882980588976836, 0.7099806287292201, 3.3277538123702546, -0.43300541526674025, 3.04887383648998, 0.9558623631293237, 5.229223627524544, 0.7011302111207453, 4.844294221971724]
[0.025351934577685246, -1.9163026498065792, -0.05586913933015555, -0.9984380998692446, 1.4548218614977044, 0.39444751702616787, -1.0895983362572206, 0.9062714246204244, 2.6880955773109383, -0.36110299972707005, -1.189056480052557, 2.077210056773813, 0.6480480818217792, 3.282809085557835, -0.39481164573178323, 3.058929164862947, 0.8482960493560271, 5.251092098077182, 0.6402323153075278, 4.9079724335973385]
[0.026908625515796463, -1.9155352554900964, -0.054286829435905834, -0.998525382826995, 1.5011790415455522, 0.34564202342832556, -1.0933062096029433, 0.8994051315945496, 2.485369519650676, -0.5100862138976467, -1.1929127248521139, 2.0645935296748537, 0.6384907344242078, 3.272098104808676, -0.4059236782508098, 3.036934086601721, 0.8331302857966028, 5.252813877383709, 0.6471264418121684, 4.885730767418117]
[0.026777648632156512, -1.9130082178489398, -0.05154562705854145, -0.9986706405673202, 1.528858594197881, 0.31395008699690324, -1.0954626584509024, 0.8976798114625055, 2.32499349177466, -0.6390084307990928, -1.1954826906929992, 2.0570019429123967, 0.6240772953046425, 3.2628455718851037, -0.4409463619947825, 3.0703671642824073, 0.8097960933312396, 5.254878822732955, 0.6630902505333499, 4.848183286353372]
[0.026966537255393476, -1.9081306886270317, -0.05027671095415249, -0.9987353264682454, 1.548168477476395, 0.2910769972176793, -1.0980384648583004, 0.8533660242349954, 2.1641959977161043, -0.7279096344521869, -1.1993599770525556, 2.0018655862514323, 0.6107675051049211, 3.2566214050887243, -0.454496143776259, 3.087301317206498, 0.7855746237695148, 5.259749031593879, 0.698058903000743, 4.819352228403438]
[0.027191302971735498, -1.9050919226955463, -0.04870768404254305, -0.9988130763637468, 1.557355538131365, 0.2754678797786015, -1.0969655437339565, 0.8462036116687812, 2.027215742937905, -0.783065003180985, -1.1987176033226254, 1.9962551692927348, 0.6189690033135151, 3.2526372759536124, -0.4073193901115557, 3.090152187967353, 0.8042673464242928, 5.2524370316066635, 0.5840728373149502, 4.921715745460757]
[0.030741761317621973, -1.905928559311177, -0.04729397278849768, -0.998881014004111, 1.568219198481449, 0.258950453477791, -1.0972099841461633, 0.8511511132776982, 1.9038274335036565, -0.8948877162716554, -1.1991572698752424, 1.9959550733820168, 0.6280102964137441, 3.2510826120213543, -0.3905942857974318, 3.092389879412889, 0.8246233280337217, 5.247983668310111, 0.5423871758146535, 4.950470432039472]
[0.03169011791543695, -1.9069329208249148, -0.04553292117178317, -0.9989628386929936, 1.5736832810392032, 0.24522860891928994, -1.0958182950969297, 0.8543079499612862, 1.7914625522422976, -0.927095747807319, -1.1974739247626125, 1.9933110694223533, 0.6382325494849466, 3.2517800887059525, -0.4386746298535742, 3.1012159659886858, 0.846953574785219, 5.241139951179036, 0.6229920092322743, 4.881299666601724]
[0.03483469581072731, -1.8994061490226775, -0.045783333208303856, -0.9989513934122808, 1.5765034741330728, 0.24432475069047077, -1.0921418842097808, 0.8625416595233704, 1.6439649076272906, -0.8149184107750169, -1.1914440232968966, 2.007849370200315, 0.6470244119894797, 3.2514734280376434, -0.429663099972057, 3.0066699806897597, 0.8637649666349759, 5.233654694473693, 0.6084616699929127, 4.867358414254875]
[0.04155214027144168, -1.8999277841716606, -0.04572530136099925, -0.9989540514034897, 1.5779025143770453, 0.24669352773884298, -1.0918927946641357, 0.8645706763946807, 1.6198850119659545, -0.9033014958050468, -1.1871368052592557, 1.9905612894884144, 0.6547043584676193, 3.2545017446219284, -0.4323065217136345, 3.004138110393047, 0.877330240198494, 5.231491720138066, 0.6050631956044964, 4.866850986850176]
[0.04136524204155989, -1.8991562054033921, -0.04434022436926368, -0.9990164886041087, 1.5705490665462312, 0.2503452219451252, -1.091151304182749, 0.8695895292490904, 1.616854457051551, -0.9013064455365567, -1.1833505299018097, 1.9927531099790114, 0.6560556606074417, 3.252913444102724, -0.43492037703605885, 2.9988905633411305, 0.8815499406558506, 5.224661641664652, 0.6416493832842582, 4.864632457326317]
[0.043967069869461646, -1.8988017858480444, -0.04221049639721348, -0.9991087398246002, 1.5626041448826073, 0.25201520647008824, -1.0871319720849215, 0.8787376273226627, 1.66621678367291, -0.89282075827666, -1.180942972414414, 1.998974668151302, 0.6530345845792952, 3.248318185645361, -0.4734577182743381, 3.0478643694592606, 0.8786872099055055, 5.21595303709204, 0.6803109503599383, 4.809811453589659]
[0.045728210873805145, -1.902307260574362, -0.04164325837441913, -0.9991325432753961, 1.5422518611586635, 0.27221010310660315, -1.0805858758707803, 0.8900185055897958, 1.8821107373749009, -0.7754696852650725, -1.1811551111860052, 2.009703869133364, 0.6518028743612921, 3.2461999982414063, -0.5000488428279598, 3.0417477033447677, 0.8774429455657982, 5.213187258270252, 0.7257944848912045, 4.751236877849878]
[0.04716599887805867, -1.903628575498365, -0.040901611895807585, -0.999163178937417, 1.5254512051465297, 0.28704634697821113, -1.0733748147787312, 0.9020229501989869, 1.9958354473672075, -0.6816649933320923, -1.1791815959092753, 2.0209733126618348, 0.6514777824685243, 3.245010952955068, -0.5016263167189878, 3.059772972213916, 0.877787350166575, 5.209578908771437, 0.7276973231511648, 4.74749042910096]
[0.04630560377770897, -1.903985907313008, -0.0408257569370232, -0.9991662812417756, 1.4032150622780515, 0.401843724534595, -1.0692558529291039, 0.9123824712163625, 2.2307062655724907, -0.5178023100264305, -1.1795808380756672, 2.030770295257417, 0.653723457749789, 3.246441077659925, -0.46121941914744247, 3.0195407698246504, 0.8815310617061862, 5.204060431343032, 0.6747615504943304, 4.81779131111337]
[0.0460923395102424, -1.9024973153801266, -0.04050132141889955, -0.9991794848591133, 1.3921221283766763, 0.41280962125022796, -1.0666134364878268, 0.918766724845564, 2.448324283817065, -0.3344645937993396, -1.1774518511558087, 2.03739285383008, 0.6575656220955982, 3.2493104918904963, -0.4746883634079485, 3.052290246642935, 0.8888891087128465, 5.199081522582825, 0.6990458835046374, 4.796236239846081]
[0.04584738971853866, -1.9046305268542645, -0.03994485121597375, -0.9992018859376386, 1.3994154697565007, 0.4365007292887659, -1.0656994581266288, 0.9210258480834901, 2.543520973930649, 0.02785838523869571, -1.175238421258125, 2.040090126562463, 0.6899707874670522, 3.2886502474105197, -0.45905445833854536, 3.0312201699584884, 0.9432608874020968, 5.183492216301605, 0.6592199826399159, 4.833671899311071]
[0.04191936568023604, -1.9030340110597925, -0.039631059464028895, -0.9992143809642446, 1.2887248541099516, 0.4793966656880116, -1.0658925595912976, 0.9228687885738865, 2.6375991922965905, 0.36863834964426684, -1.1734803410829104, 2.0411793974793357, 0.7002409527590123, 3.3013985747201553, -0.46480815853811924, 3.014442763562903, 0.9595688732491925, 5.177369354500691, 0.6794647695995095, 4.803647268962588]
[0.03962679403918957, -1.904265198737002, -0.039734590941227256, -0.9992102693040806, 1.2911561452312128, 0.5007885265203535, -1.066207264015681, 0.9231547626716888, 2.6541035275850176, 0.6929074891585721, -1.171433353306194, 2.04134339567939, 0.705192740851187, 3.3138132716251367, -0.451241503913566, 3.0021935902251804, 0.9649699323581338, 5.174429995309216, 0.6672647133657615, 4.823541156797464]
[0.030570897834028107, -1.9050494294406382, -0.03943333173254804, -0.999222203690686, 1.2893038081985868, 0.5037577642024849, -1.0657786182348636, 0.9276398191475324, 2.666487181963456, 0.9628943143288659, -1.1699373144993839, 2.0453955017388625, 0.7084750728876719, 3.3217414047944125, -0.46490312487809515, 2.9879870175036642, 0.9691978268606711, 5.171728678724615, 0.6695113004203112, 4.807151509462744]
[0.020949088222175723, -1.9041415972073896, -0.039211224977745714, -0.9992309441944563, 1.4425681367537895, 0.7100051427484858, -1.0651506084309643, 0.9329812549105568, 2.728417818674213, 1.2624371154155067, -1.1735748854806498, 2.0508369132547837, 0.7094319740206669, 3.3236228051986285, -0.4710506402976562, 2.976712217296795, 0.9700148038605629, 5.166098966698964, 0.6746586987261259, 4.788622720434594]
[0.011152883096160774, -1.9010504121770688, -0.03949108655059612, -0.9992199227812931, 1.4388176029052597, 0.7134790066026898, -1.0652507136282876, 0.9316188744729653, 2.6798490722323915, 1.3902789279580061, -1.1762599308110937, 2.0493636194431044, 0.7109229201202512, 3.3234589805192813, -0.4708533673704422, 2.9758765609813658, 0.9721201079757259, 5.16196522903702, 0.6698252122814048, 4.790075504410704]
[0.0023170276934373194, -1.9021618770649094, -0.03978648510569869, -0.9992082043312764, 1.4348722230798157, 0.7213215561394206, -1.0645938226515455, 0.933299425003531, 2.6242157332772442, 1.4407793737328758, -1.1782826571029834, 2.0508523849971114, 0.71525342879344, 3.325586290092736, -0.4777145542341219, 2.9676051813616917, 0.9787538162290482, 5.159262402870901, 0.6576336115875224, 4.795122422336359]
[-0.0018214223788070264, -1.8990461656364117, -0.03832257481622991, -0.9992654203260786, 1.4266107991417194, 0.7274229928924052, -1.0610885306133093, 0.867239987988355, 2.612847623550127, 1.448988666417744, -1.1750686421716898, 1.9744732610294695, 0.7161259877991037, 3.324265350632153, -0.4817883215779088, 2.962446563378791, 0.9815673836725834, 5.151684752159053, 0.5456772260437242, 4.785073148259833]
[-0.005114822253684233, -1.8984568541285691, -0.03852294481604163, -0.9992577158684841, 1.425186673273304, 0.7276711487464881, -1.0594801815571806, 0.8604938381995267, 2.658865438046785, 1.4226367638764668, -1.1780353988556538, 1.9696342906833875, 0.7216401992646722, 3.3261369428568193, -0.4825137139708279, 2.965697031169401, 0.9907728527980124, 5.147807846964131, 0.7344012819575697, 4.583467269198213]
[-0.006982523174309402, -1.8959367289616667, -0.03764675154839582, -0.9992911097862591, 1.4179471862712727, 0.7130757928176324, -1.057649285647382, 0.8775375117278572, 2.676939914505603, 1.1955120339088556, -1.1797174334961995, 1.983459353292482, 0.7209433929549266, 3.325219246613145, -0.4846295893956363, 2.9636042145197323, 0.9900211915265028, 5.141829835433744, 0.5426607115013233, 4.322405939980862]
[-0.007228539156788747, -1.8971269140023448, -0.03731215303819741, -0.999303659172553, 1.3081466050701094, 0.5183342320270037, -1.0543667153447132, 0.862603429934675, 2.711246232343677, 0.913742067228886, -1.1799994228191373, 1.9655463147733607, 0.722067518707958, 3.3252713363848048, -0.4991814455673893, 3.0112024499645336, 0.9923536897771956, 5.140490301656601, 0.606454527736759, 4.749716965885446]
[-0.004594792371563372, -1.897323393812206, -0.0374136455562261, -0.9992998644682152, 1.3128709836402161, 0.5090147621428683, -1.052444679022515, 0.8736851504074288, 2.648201786046705, 0.6869196178496108, -1.181181120780824, 1.9750186881607972, 0.7158075715374874, 3.3130578113113414, -0.5008908450593788, 3.0478250423577764, 0.984329709932851, 5.144259992015345, 0.656795860447102, 4.762523265955543]
[-0.002976068925078751, -1.898265479229643, -0.035286458141486926, -0.9993772390202955, 1.3797431399986235, 0.4768149236895564, -1.0535938821615565, 0.8839789430757382, 2.8377282785175275, 0.36854023576725403, -1.1856236223355734, 1.9852353048117632, 0.7155941763145808, 3.313687336949413, -0.5138906571872405, 3.008063334102226, 0.9858460503162543, 5.1436610582585685, 0.6829315558143702, 4.723662629602834]
[0.0016815913782292442, -1.8989191526194777, -0.032766963639717483, -0.9994630188725512, 1.4465373220930973, 0.42464725764001865, -1.0553166799602196, 0.8877802471969725, 2.8001565728555478, 0.06460649662073542, -1.1880816267568537, 1.9883049185068056, 0.7049750283964304, 3.2919914009840205, -0.5204160989907525, 3.0115998905899852, 0.974552033690675, 5.145300028010389, 0.7592764035525046, 4.662350322790545]
[0.015361926230545, -1.9001779895516409, -0.029096798447520986, -0.9995765985256478, 1.473353267616699, 0.39498590858182986, -1.0539070147297351, 0.8684315797356835, 2.751961335115156, -0.266682139124871, -1.1927386748999778, 1.9785762490335534, 0.6928695875659721, 3.2778263565407304, -0.5161573318567244, 3.0446495236076245, 0.9591478027870267, 5.146285693930926, 0.7135533293767194, 4.719544349767949]
[0.019270933213727266, -1.8986421470894848, -0.026553051270579938, -0.9996474055726959, 1.5368274020212518, 0.337820461885067, -1.0535599871128183, 0.876830468938474, 2.612075722890939, -0.4723452436027552, -1.1933519399455932, 1.9813644937340462, 0.685186596623828, 3.266089737116962, -0.5196394439962339, 3.0438448927621518, 0.9505173229742436, 5.1462285599826245, 0.6907253761539348, 4.731356401259658]
[0.025987159464340777, -1.8957720342633426, -0.023635498714549896, -0.9997206425799732, 1.567376844357826, 0.3043650806154721, -1.0538722165570131, 0.8825097612186276, 2.511148210587782, -0.7029033817837163, -1.197457934773729, 1.9798195520328032, 0.6781965486866557, 3.2564274430278233, -0.5209665220070279, 3.0295464767973366, 0.9426720385344249, 5.144163662918202, 0.6786851958667884, 4.723486098530137]
[0.03927829319733546, -1.893969253956166, -0.02205575868539685, -0.9997567421672192, 1.5703352004300848, 0.2886449804147071, -1.0499373331081359, 0.8885837946296847, 2.306770514120988, -0.6974385275243273, -1.1985734947213769, 1.981201639942307, 0.6733979952932172, 3.251021392442486, -0.5077949431850651, 3.0277469715360112, 0.9367365734012612, 5.144147096072016, 0.6480126601639051, 4.756470660046391]
[0.04032839265630327, -1.8919625679282317, -0.018170153341749207, -0.999834909136272, 1.5699886668823384, 0.27430970412466743, -1.0481524329450636, 0.8949469276613599, 2.203540545938699, -0.7206733604433984, -1.1925361272409993, 1.9862106133302304, 0.6622729561652985, 3.2439477493500224, -0.5063469768002998, 3.0449420896512245, 0.9210307740904911, 5.144365145584162, 0.6376511424103571, 4.765968311743912]
[0.03904609598070143, -1.8892706462672586, -0.017127359128105108, -0.9998533160265546, 1.5723209909705442, 0.250889994365678, -1.0468888524230398, 0.8982043199385913, 2.084082219792801, -0.7411471947014253, -1.1829584002952307, 1.9878323165489176, 0.6477573863207297, 3.233665048751403, -0.5091855568430952, 3.0315155343561235, 0.8969003484729399, 5.144980844170913, 0.5703200972455864, 4.750653679273882]
[0.04148166782320164, -1.8870237994084091, -0.017426392614116725, -0.9998481488908496, 1.580148466399465, 0.22902236442164942, -1.044339542559249, 0.8978335311696748, 2.008058069089723, -0.7789611156871366, -1.1767745405795422, 1.9857792747217478, 0.6414762500507801, 3.2253272736099263, -0.5135570675447404, 3.0290811376416533, 0.8868511992923774, 5.142874494091532, 0.5720398747798605, 4.747606668456788]
[0.04263699866775842, -1.8881754984514034, -0.015780980981745123, -0.999875472566086, 1.580046387161093, 0.2133997599014855, -1.0443059603802767, 0.8961409509495546, 1.933603527298763, -0.8759823017060065, -1.173276717471526, 1.9822486198170477, 0.6331997999176353, 3.217322339408529, -0.5212215484926935, 3.0256743609115877, 0.8750528445343243, 5.140248518776249, 0.756041941780662, 4.612435128417631]
[0.0409508015641761, -1.8880658979737461, -0.01678631808213058, -0.9998590998361947, 1.575018902186134, 0.21139435848974175, -1.0413367744077078, 0.8929373061213626, 1.914923578662863, -0.894526074650731, -1.1597943540697113, 1.9765989257783998, 0.6288645538110503, 3.212319467093194, -0.5276300446266564, 3.022701167357671, 0.8669339513833484, 5.138479156596676, 0.7644161126628954, 4.591830386083743]
[0.04348179647603832, -1.888198504106603, -0.01721636666932182, -0.9998517873758628, 1.5714728785107817, 0.21033191177716268, -1.0400527863217173, 0.8952450122997071, 1.9144172510621722, -0.8484882728538528, -1.156321216108257, 1.9777953198070855, 0.6232495060041393, 3.208658846907809, -0.5354788976699698, 3.0198151892878995, 0.856689848509195, 5.1367362409647415, 0.6729373019468644, 4.415272858579231]
[0.04293389721669219, -1.8881450669965962, -0.016819866737727063, -0.9998585360354358, 1.5695623007515809, 0.21193091061063613, -1.0358117379343315, 0.9048735405966118, 1.9477977978603345, -0.7833920846887086, -1.1500672855719665, 1.9868201901851201, 0.6206610478550709, 3.208659734951274, -0.5378857899762922, 3.020908999047918, 0.8520460377306464, 5.136576656429441, 0.5596711929924705, 4.681743812884901]
[0.04577969438335642, -1.8870004919382493, -0.01582661859118864, -0.9998747512283571, 1.5598094630490202, 0.22696646039489307, -1.0357256979225005, 0.9052640288434776, 2.090651800255247, -0.7115106466773364, -1.1466763840215732, 1.985227333339416, 0.6171101986265513, 3.2055911261031715, -0.5343885138395674, 3.0362547407557745, 0.847247281930806, 5.13162291520436, 0.5962879564713875, 4.438879769478199]
[0.04377632946884009, -1.8796924949188178, -0.016002633504634628, -0.9998719496620136, 1.5566681655273618, 0.2524089348278659, -1.0331886584392473, 0.9082969037883888, 2.262942986817504, -0.6381177019132499, -1.1460733062732895, 1.9873776346182437, 0.6244279913964663, 3.208061701901042, -0.5360307996526646, 3.034514073504513, 0.8610379611788868, 5.126824580819733, 0.5328334479541182, 4.692073588862902]
[0.04408789392116816, -1.8815665425023804, -0.015961677045855698, -0.999872604318112, 1.487575610174212, 0.3276184140637677, -1.0332971564261544, 0.9084787308275137, 2.505668043395181, -0.5414172982913054, -1.142526787343361, 1.98761390975698, 0.6287071719898661, 3.211103611783776, -0.5385169435293917, 3.0342019810366483, 0.869073620569258, 5.126643979771675, 0.5073873702671429, 4.319083735886349]
[0.044527933518145435, -1.884419391290031, -0.016596464444171146, -0.9998622691990899, 1.4881663569169672, 0.3354942789930957, -1.0343166586216475, 0.9100846310607908, 2.7152763781000693, -0.34179996849210853, -1.1412494448433288, 1.9897075228419554, 0.6306951253136878, 3.2160667757552406, -0.5366604733143802, 3.0469836599670983, 0.8714820746860181, 5.129676294974374, 0.5329685389576132, 4.316272940840002]
[0.043796044862563395, -1.8848223408115752, -0.017072175132789885, -0.9998542597980143, 1.4856080060981192, 0.3457540737087443, -1.0342510311042648, 0.9105077509158055, 2.7650993915072473, 0.015523923485489028, -1.14116773889014, 1.9900782017799095, 0.6326316286391191, 3.2194531937522197, -0.5428418305959077, 3.0446952480635385, 0.873705726239203, 5.130689832141356, -1.8043722462613947, 2.19312689105796]
[0.04085765120961119, -1.889391006958082, -0.018565578747182232, -0.9998276447897319, 1.4776006716288248, 0.3703749330215784, -1.034550127933775, 0.9122428101618522, 2.882384598850375, 0.26235264630351723, -1.1407466504915384, 1.9929785407827834, 0.6332048802669569, 3.2237144707466094, -0.5476147771674255, 3.0426327878855663, 0.8717761325246518, 5.136249584660155, 0.736103956806781, 4.652013733715566]
[0.038947721469183336, -1.8858364578867082, -0.019432208194225684, -0.9998111768152507, 1.4732261019204147, 0.38779845840391614, -1.0350516326316894, 0.9128723100631464, 2.918531966923243, 0.5265069376342204, -1.1435967041229027, 1.9940261735563671, 0.6336457374794673, 3.22496966368536, -0.5440745553373353, 3.0539423105239454, 0.8708196732137615, 5.138199358091065, 0.6241379795885214, 4.736671857406781]
[0.029650778904420333, -1.8882016293530381, -0.02111470135898323, -0.9997770598421034, 1.4810687274811722, 0.46291950724148984, -1.0356103890005641, 0.9153860425737836, 2.907268414403334, 0.7533199289146181, -1.1458159881752459, 1.9981156121963355, 0.6360131954989959, 3.231607340425038, -0.5415373905165104, 3.0073631115659927, 0.8719255997462095, 5.14412491957247, 0.576838966924049, 4.755985829637405]
[0.02435631174806366, -1.8907453727032415, -0.022235127396649557, -0.999752768993242, 1.4763469905491413, 0.49409777544552214, -1.034145323173353, 0.9174485057091729, 2.8770854323543342, 0.8963736358929713, -1.1454416099758427, 2.0000507762915833, 0.6525723530381657, 3.252000335290305, -0.5367210168773048, 3.005068509360569, 0.8979405791088331, 5.140804796478867, 0.5749016275416664, 4.761716316079426]
[0.004460329813457362, -1.890837695275324, -0.025171034181592458, -0.9996831593251079, 1.5032248600727267, 0.5397475063262234, -1.0342522638231497, 0.9208544272830411, 2.9011294354207635, 0.9761941235245412, -1.1509338121397112, 2.0060859329101284, 0.6681470519335337, 3.2695412229523755, -0.5161081505317324, 2.997323180479087, 0.9207988241542292, 5.145681147145313, 0.5610654794202937, 4.781829480511237]
[-0.006017574446715354, -1.891766910709032, -0.02657944432414079, -0.999646704160735, 1.511864213360728, 0.5542366609710799, -1.0354866953112822, 0.9176469349535004, 2.9086199646033712, 1.0047799119715484, -1.152272846493816, 2.0037262273925798, 0.6660178576179486, 3.2675435687355563, -0.5243120881605123, 3.050033193372389, 0.9160687288416929, 5.151068078987566, 0.5374566081508677, 4.780092353866401]
[-0.00830899039064342, -1.892744912627144, -0.027495849201972452, -0.9996219176652053, 1.5181575551645763, 0.5566440071773027, -1.0377805217533786, 0.9192433893958845, 2.9178964082074414, 1.0049960849423734, -1.1561830219585851, 2.0072732091923084, 0.6665391457988805, 3.265070730568027, -0.5235109397813723, 3.043637005089921, 0.9168021053249685, 5.154993666243361, 0.5381582090854545, 4.777926041819797]
[-0.012620421728978745, -1.8936153772635884, -0.028610902505924518, -0.9995906243346805, 1.4800028952550457, 0.4964136115823309, -1.040670146271346, 0.9139366279497416, 2.8878578805252686, 0.8988188939826488, -1.1675306991062058, 2.002527334979482, 0.6665902805696257, 3.2627409500882774, -0.5039682564638807, 3.0262490823847954, 0.9163072145015556, 5.155561031731052, 0.5169363860625948, 4.797385478158685]
[-0.01257070546343489, -1.8915111738788006, -0.03017121106831858, -0.9995447453829523, 1.4677505862686935, 0.46532842280322223, -1.0437738358359723, 0.913694055447208, 2.9144844110652985, 0.6681973262330345, -1.172310545435056, 2.003062274706661, 0.6666460443386403, 3.260970121422639, -0.5143609474283088, 3.0512823863662444, 0.9153377855336868, 5.1558966445849475, 0.5486363796151648, 4.802212984255253]
[-0.009936710849929444, -1.8912473849380298, -0.03348897048201293, -0.999439087116396, 1.479578563341967, 0.44230152391778393, -1.0450492531763014, 0.9143608869399086, 2.914362759329868, 0.47394245894317377, -1.1757513530067931, 2.0042039323806926, 0.6687817937821078, 3.2585475285198067, -0.5148245923511995, 3.058623263772421, 0.9167625756018262, 5.155760568857643, 0.558354140340254, 4.804203280676995]
[-0.010829053071118378, -1.892948383609657, -0.0334448718695424, -0.9994405637883775, 1.4950681720139887, 0.4089745002725895, -1.046672424828103, 0.9130242665519714, 2.859804832256392, 0.18561050573444077, -1.1827799088935804, 2.0035296570303913, 0.6676900679897201, 3.255336615619065, -0.5169833915695314, 3.065234347572026, 0.9161397865869867, 5.15739868941302, 0.570032471651058, 4.8010614220525385]
[-0.008387906689176449, -1.8930903632846046, -0.03305938278425036, -0.9994533892132862, 1.5213013281042271, 0.38305478847935925, -1.0506730516063274, 0.9163622781956364, 2.785644724583623, -0.047091673819740845, -1.1838050765679682, 2.0088808381109744, 0.6668798423435678, 3.2566448390040628, -0.5241802777102719, 3.064090663044056, 0.9142421709044857, 5.163303080614578, 0.6108496618169432, 4.793253371879416]
[-0.007159480090421522, -1.8927739990603147, -0.03342940216326474, -0.9994410813404694, 1.5616434210093197, 0.33498187609345836, -1.0537712435069349, 0.9202212898179025, 2.741779270428933, -0.3817105186712565, -1.1858565417335658, 2.0137561734114677, 0.6653624897672523, 3.2547659281002432, -0.5370920931616197, 3.0105375040878046, 0.9109569675301175, 5.164985043320308, 0.6337518386761133, 4.741068926853204]
[-0.004272157106629295, -1.8930307222488083, -0.03483086619261084, -0.9993932212899347, 1.5840253368331054, 0.2930169002633919, -1.0528044366249474, 0.9208921585594118, 2.584064874353864, -0.6009970749632985, -1.1862680393008658, 2.0144284978586944, 0.6631923635807799, 3.253289246700485, -0.5322121930721779, 3.0113297528969274, 0.9053346048150689, 5.166780999527073, 0.6936202057974136, 4.709057525774585]
[-0.002595967782622855, -1.8949853650770399, -0.03468434698483542, -0.999398317025917, 1.5858439749568467, 0.2731682107952467, -1.053591156141014, 0.9220759888950951, 2.3278858761185544, -0.6791278925791708, -1.1864546799807936, 2.0157095400500222, 0.6635423845576376, 3.2530464574972062, -0.5293725194197502, 2.9991742123999674, 0.9058042923565246, 5.16797281621143, 0.6831271132622971, 4.714114571730571]
[-0.0007973091918935654, -1.893709790324458, -0.03504746346263977, -0.9993856489388043, 1.589852234619404, 0.24635159271890908, -1.0537715767929408, 0.9225688470069641, 2.176537298508774, -0.7327170490170745, -1.1859526411499968, 2.0161812179171217, 0.6609223439488545, 3.2512474801995754, -0.5049288950134877, 2.993685092867762, 0.9004339282370445, 5.170692793826291, 0.6574800468797434, 4.761683769537916]
[0.0038701540102418176, -1.89571826174247, -0.036023030248589036, -0.9993509600194065, 1.5973465717433477, 0.20121162010479154, -1.0529242482398073, 0.9228731465256974, 2.021696374853052, -0.7855670696448028, -1.181915379234567, 2.0159407924743484, 0.6533845245632485, 3.2448944658484145, -0.4562491110249654, 3.0220524105944393, 0.8859408000436436, 5.170684705291053, 0.5659965402823071, 4.861770199504161]
[0.006109721911820026, -1.8956029404537555, -0.036706833759247444, -0.9993260770916423, 1.598599243782725, 0.17713327051850442, -1.052598517753977, 0.9251646796749817, 1.8703664455268147, -0.9813359576707311, -1.177948675459526, 2.0187183216679365, 0.6482923064716989, 3.2461792534735867, -0.43555022074786787, 3.039625808379328, 0.8747485875447698, 5.174548946785624, 0.5191561802419513, 4.90838044988098]
[0.008042326459716783, -1.8969721031656497, -0.03746303314339512, -0.9992980141818039, 1.598672694594356, 0.17110775318975222, -1.052172700131898, 0.9259636656119206, 1.761690874322379, -0.9371087991466823, -1.1753618108303792, 2.019484329716368, 0.6475981566478833, 3.246987896270184, -0.47314618297354605, 3.0556861959304458, 0.8722652028712586, 5.176156131275141, 0.6119356894848308, 4.8290951727929246]
[0.011213426470168427, -1.894469656819771, -0.038987480155643135, -0.9992396991668783, 1.6071586466687546, 0.1591475265448504, -1.0511591416065278, 0.9268663706027934, 1.703007384882736, -0.9450214421376915, -1.1741338004800332, 2.020219403599232, 0.6616545423321036, 3.271796469062194, -0.4759882131844288, 3.0805000606692543, 0.8914154613822564, 5.1699420182730425, 0.6135251085878631, 4.8323888240695805]
[0.010255765663198883, -1.8937283000499363, -0.0387856582910324, -0.999247553267423, 1.6045646990978948, 0.15991209290785402, -1.050211602134006, 0.9269655751080783, 1.701132077929766, -0.945072829930667, -1.1720654690448775, 2.0190541075125146, 0.6724266523421865, 3.2872857039359666, -0.46758780243209264, 3.0204103183137354, 0.9078279777761136, 5.16042743870507, 0.6092693705502227, 4.82990277564138]
[0.01377110709631864, -1.8945682636309407, -0.039932188107726176, -0.9992023920872734, 1.6030999439051812, 0.16023307470353948, -1.0477832954560646, 0.9275903446117918, 1.775085882737629, -0.9306389988551471, -1.1658344508804517, 2.0196922164303053, 0.6677736681341355, 3.274750258965509, -0.4857261068741576, 3.0555534474819166, 0.9009438415091096, 5.161616145593009, 0.6405445541957594, 4.804752317791887]
[0.01462987648583278, -1.8935930632882112, -0.039968979620169605, -0.9992009210704933, 1.598293057714086, 0.15939748021678485, -1.0464319413013194, 0.9285970238954736, 1.972103665845483, -0.8597719448526978, -1.1626761310084965, 2.020035469001324, 0.6587721665208657, 3.2625736430618577, -0.4924296448584458, 3.0211029604629784, 0.8863818652564737, 5.161810648198651, 0.5541182784877664, 4.790512694065922]
[0.01568844047708337, -1.8923488143218865, -0.03986353552139339, -0.9992051333613806, 1.5895773335931584, 0.17106758620516455, -1.0450472885190314, 0.932132772815812, 2.119348615929969, -0.7648045717476917, -1.1598875144882173, 2.023241536817201, 0.6585394718918044, 3.254201651368995, -0.5057388603222962, 3.029358884059581, 0.8880499052075265, 5.160666404695834, 0.5970361857350096, 4.765993279366975]
[0.017431532608204365, -1.8945666909719496, -0.04108844253895563, -0.999155513366024, 1.5952377958567856, 0.1934937072302353, -1.043133670006991, 0.934123302127599, 2.343942278604247, -0.6598474288339281, -1.157761783501614, 2.025959153155123, 0.6627126190865582, 3.257035801802512, -0.5096785951893622, 3.0354671087057756, 0.8950414416762391, 5.1635710698334885, 0.6254077026231851, 4.762416463152019]
[0.016498159862586445, -1.89598420568246, -0.041126770164317525, -0.9991539364761826, 1.6037781086910392, 0.21825671773229818, -1.0429212467769238, 0.935815593853698, 2.6039540445423626, -0.5745860456790529, -1.1568659051201824, 2.027786171046368, 0.6644971630754726, 3.257950625244946, -0.47501999213569257, 3.0162322570146802, 0.8985686372278989, 5.164576452260436, 0.5885327168221426, 4.813326893341011]
[0.01618003224748926, -1.8982758855482065, -0.04028306651164382, -0.9991883078541394, 1.5617586182468948, 0.28833394422306574, -1.0448410841339357, 0.9392452581115971, 2.802726838866156, -0.32073795510551845, -1.1562907998173972, 2.0313352970245298, 0.6657781947201555, 3.2586259815712655, -0.509524760688179, 3.038615429324325, 0.9021407961865265, 5.1640292735624165, 0.6440566485311874, 4.753897711437133]
[0.012007522715911545, -1.9007264513245918, -0.039847338908658145, -0.9992057793977668, 1.551210201840927, 0.3064448467249934, -1.0484159597062772, 0.9406777057658756, 2.857441919360481, 0.0009415194469531097, -1.155390919029851, 2.0339736271060365, 0.6685346995958901, 3.262726450635159, -0.48368121837836436, 3.0237569799789488, 0.9068047413224747, 5.168979002397522, 0.6238264724457443, 4.798888337516536]
[0.008161837175549996, -1.8994025981881166, -0.03963201641897955, -0.9992143430088289, 1.539434679066722, 0.32363283834515877, -1.0519331245124626, 0.9327975893375542, 2.906933732987208, 0.2977997105577965, -1.155477826640237, 2.0245728120696236, 0.6701755139625906, 3.261844104837573, -0.4821368265384172, 3.0226021956960847, 0.911104763210956, 5.166377929983187, 0.6263668484967676, 4.796330597014973]
[-0.007300333990690783, -1.899174948979597, -0.04021000937761602, -0.9991912505350775, 1.5180096143621042, 0.3447082855730033, -1.0548576924725575, 0.9303967608072914, 2.946645428073273, 0.5869365187069837, -1.1591991445339986, 2.021416974678968, 0.6728999172653651, 3.2608908786362396, -0.4715203999662949, 2.983134015188984, 0.9159013330900758, 5.165088938992046, 0.6348374685560535, 4.802264804660551]
[-0.009697522336778642, -1.9010088079879017, -0.04149004060727539, -0.9991389175336963, 1.5079811190154555, 0.3727161025119805, -1.0563601387063664, 0.9281158860332235, 2.897483685581596, 0.7919176389560346, -1.1601297229054195, 2.019071323322943, 0.6784947160686228, 3.2639573256628167, -0.4930081415564663, 3.037941858119454, 0.9241116900460921, 5.167458541201808, 0.6617876639903876, 4.78171082401723]
[-0.03453255471050037, -1.8780168137613198, -0.04188165275018235, -0.9991225786473416, 1.553039454116438, 0.4868693499204655, -1.0582076286422752, 0.9271411495204455, 2.939980640887474, 0.9486436715783666, -1.1669036212527166, 2.018001253962254, 0.683194703788289, 3.264568281508521, -0.492807759574593, 3.0139988103693263, 0.9328287437028623, 5.166561815328205, 0.6613770143970221, 4.7760787892161485]
[-0.035827978377363776, -1.8766131309637242, -0.04354357804392775, -0.999051528606574, 1.5588157005490253, 0.524668726184339, -1.0577697200767786, 0.924905776807816, 2.920374157882277, 1.0600124210698836, -1.1756405340627394, 2.014752890882844, 0.6865256140980708, 3.262603937076957, -0.48872835738233444, 3.01128617543011, 0.9378355401497693, 5.161936268326039, 0.6430059639234567, 4.790320969051581]
[-0.03425423386961627, -1.880868509660489, -0.04434483305983817, -0.9990162840419043, 1.5583013442917395, 0.5427734184112813, -1.0630172459105276, 0.9180737830865497, 2.9218639456180058, 1.0765770704955642, -1.176784283755801, 2.0075003148453865, 0.6903783380039843, 3.261791567340461, -0.48963345216228554, 2.997748956601282, 0.9448821659977602, 5.158273551821289, 0.6392817034776523, 4.7847859942955075]
[-0.03325219563967711, -1.882586934854622, -0.044671513608740804, -0.9990017296641203, 1.5548676564210913, 0.5504730579925768, -1.0632734769746244, 0.9148319668677417, 2.923479961605816, 1.07218782110501, -1.1800331367913814, 2.0039388419341715, 0.6910959330511027, 3.2612834972603006, -0.4406915190796063, 3.0017817201029042, 0.9459782704775376, 5.155290283387613, 0.5628798023390993, 4.869538595940707]
[-0.03244315168809288, -1.8760740031634664, -0.04516753051074193, -0.9989794263084507, 1.4671475039678883, 0.48672219747841317, -1.065074782587023, 0.913801106140478, 2.8505475102323032, 0.9285431909063099, -1.1828014331059813, 2.0028086099130933, 0.6917300006586969, 3.261174557044114, -0.4081303219702674, 3.0334610805418474, 0.9466306314830641, 5.154346175013879, 0.4966084025769493, 4.933354742944848]
[-0.030587307157419683, -1.8769778172501952, -0.04445028439199734, -0.9990115976391217, 1.4554184895870033, 0.46880744215417286, -1.065209609382924, 0.9136199627939063, 2.8855407243375155, 0.6962477832812685, -1.1813981689512711, 2.0019372976785577, 0.692999809493509, 3.25896226890687, -0.4510861076992981, 3.0848160763760344, 0.950730199378114, 5.149915101647295, 0.5701899576027606, 4.873833100941499]
[-0.02892286732501009, -1.8793195531294196, -0.04419135063760519, -0.9990230850830346, 1.4661631315010484, 0.4481368168789002, -1.0664462263805676, 0.9108786829428805, 2.906893193983207, 0.4905842400405675, -1.1855169528007554, 1.9980326252825118, 0.6940504154690635, 3.259143826049107, -0.4384176357923536, 3.0276126916086614, 0.9535257525193003, 5.148831083862371, 0.5522786068493503, 4.889800642301288]
[-0.01678493476179019, -1.8836986834089584, -0.04364728965404298, -0.9990470029512407, 1.4922429478628594, 0.41462948596757715, -1.0679454890818574, 0.9112119166695047, 2.904277303034455, 0.21919833528464883, -1.1852222943978792, 1.9989305265361135, 0.6940099859025655, 3.259858343120707, -0.4699814446352714, 3.0550928382166256, 0.9541247539518916, 5.1499924008471, 0.5916150576512725, 4.849727756015096]
[-0.014659785107270368, -1.8859340352432752, -0.04280768328172881, -0.9990833309849841, 1.513630188002132, 0.3851816422875444, -1.0710527528603968, 0.9090195371771111, 2.8844744028400164, -0.08414349865172321, -1.1861136370476197, 1.9968869287646083, 0.6927982662520633, 3.2609286765059102, -0.49238716828861034, 3.0523529092768027, 0.9520305087481514, 5.151897762240727, 0.6170215350201707, 4.812372985127818]
[-0.004452035599765802, -1.8881480035949876, -0.0427985076611457, -0.9990837240902181, 1.5867920114583876, 0.3302488485303117, -1.0719412712700513, 0.9084334116777976, 2.807697979190209, -0.3454119945234401, -1.1858768146160483, 1.9970282687154892, 0.6925570422770333, 3.261023780435502, -0.5172780894450485, 3.0438168813628455, 0.9517145489875367, 5.153522931036253, 0.6395835855356636, 4.76896318684632]
[0.004686551294580245, -1.890813792359299, -0.0429448442357099, -0.9990774446225731, 1.6166751298261197, 0.2925957944300105, -1.073657218536081, 0.9111952552403237, 2.6622207728110205, -0.5725006741977576, -1.1903210252836554, 2.000522793530754, 0.6929486375797137, 3.265169963597295, -0.5240655226630795, 3.0471403114363125, 0.9514026682022811, 5.1599905937351505, 0.6386275562792967, 4.771471434060914]
[0.012915387201349994, -1.8943113266689109, -0.041248367468415724, -0.9991489239253529, 1.631366980065116, 0.25041700305799675, -1.0749190375566904, 0.9119878883786371, 2.5245756595078745, -0.7916546175405533, -1.1927019537891186, 2.0025231046087573, 0.6911736775913667, 3.2679463417238046, -0.5272414918843934, 3.0530768524031235, 0.9494139783646967, 5.164784565923914, 0.6435214546226253, 4.773999502657417]
[0.019703959322690343, -1.8851387490589055, -0.04071297214244837, -0.999170883232357, 1.6310310878899688, 0.24420539426975407, -1.073696582152727, 0.9135134211929122, 2.2658883299351955, -0.7420154407971797, -1.1932247574450465, 2.004395176503135, 0.6892988880076806, 3.2668789530500306, -0.5305970890422886, 3.0537975165565285, 0.9466258763077464, 5.167288560325711, 0.6430546362532653, 4.766297550311328]
[0.026173670504594796, -1.885535297851125, -0.040251607271566014, -0.9991895756622241, 1.6323698432606748, 0.22139965367240635, -1.0736513808390646, 0.9133517259270724, 2.1583711870077322, -0.7727201017514287, -1.1904743503225468, 2.003929613323473, 0.6834962946996308, 3.26314067303923, -0.5089312978600143, 3.0506466794098177, 0.9372389160749905, 5.1720979985565805, 0.6187415176867377, 4.796675507497382]
[0.030970771037238082, -1.8738046003598239, -0.040060302855697026, -0.9991972638749117, 1.6407909452895162, 0.19634800395792198, -1.0740180097547893, 0.9131111607604905, 2.0337808518172955, -1.1605567673936286, -1.1908045493294737, 2.0042653648844406, 0.6781833640653633, 3.2609192140244057, -0.4952789491241606, 3.0386489861588357, 0.9279434854502424, 5.17885639124166, 0.597466502705959, 4.809530195240255]
[0.0344854303921616, -1.8756454873180286, -0.03889882334103982, -0.9992431543636827, 1.6375033566786747, 0.1783656234732455, -1.0725884714602076, 0.9129314474660437, 1.9358329254885904, -0.9202496302053811, -1.1893163866834477, 2.003503022725246, 0.6732021414043171, 3.2551225254283653, -0.49136710942415135, 3.0350628984673755, 0.9211119330329168, 5.182137751058212, 0.5903445019727687, 4.808313895580242]
[0.04125531910566662, -1.88562743105938, -0.03912150972781265, -0.9992344607131084, 1.6334046145707484, 0.1711527276034584, -1.0704999605814165, 0.9117055883885264, 1.9204252013343197, -0.9223113610591704, -1.182277429753042, 2.001684012987655, 0.6716021618277129, 3.2531314551583934, -0.48703161350788826, 3.030842173815735, 0.9182575032151461, 5.18277147503093, 0.582822292671637, 4.809826296194279]
[0.04676276980614495, -1.8918641816415438, -0.038961516019378924, -0.9992407118755079, 1.6317091641579267, 0.1709102837925754, -1.0693088897721628, 0.9124416091819446, 1.9151819283317442, -0.9194697310738733, -1.1768825957025237, 2.002187177232632, 0.670193698383928, 3.251461173649819, -0.48050980533445403, 3.0324034800349504, 0.9163049991157544, 5.183747370852595, 0.6326988331928515, 4.80157919567666]
[0.05128250147433662, -1.8952987642094097, -0.03934703427845185, -0.9992256056034043, 1.6316624264752273, 0.17178432492219448, -1.0679300732550938, 0.9134305912175787, 1.9452535000591777, -0.9045459171998993, -1.1700278665415413, 2.0039726268911515, 0.6681562755938948, 3.251380987978943, -0.4777434794918282, 3.0290880401958917, 0.9119391057137296, 5.1855916431608975, 0.6431180571212126, 4.797409026368614]
[0.050535978329880785, -1.8924620620791157, -0.0391007242369468, -0.9992352742793592, 1.6308412776907988, 0.1778165101467936, -1.0681283782464193, 0.9159354609776684, 2.041534779584469, -0.8020179704866576, -1.1701235453074283, 2.007716944962401, 0.665987468709455, 3.2498434199158517, -0.4938167160008285, 3.0491831376931784, 0.9082590739148829, 5.185350391096625, 0.6634916188866572, 4.766209568134493]
[0.04924304899074008, -1.8910571282265054, -0.03885580817637999, -0.9992448279430624, 1.6245710253385681, 0.20386393749149945, -1.066163439837969, 0.8976232455047289, 2.2248189785041452, -0.720133177252799, -1.169017250408203, 1.9904117028921762, 0.6657673876746601, 3.2508155216504715, -0.4782768102262744, 3.0157751885557214, 0.9078490547653904, 5.1869083664883, 0.6624960233869094, 4.75277080118224]
[0.04916142637006642, -1.8970535366731953, -0.03918519916201539, -0.999231965144547, 1.6154179320964326, 0.216994136902974, -1.0668847164746356, 0.9054983507406404, 2.4496742358946864, -0.657370272203521, -1.168904070638391, 1.9997287673312754, 0.6672684706022318, 3.2511187744355783, -0.4426024867175656, 3.0191091315589564, 0.9101203513804006, 5.184940871021273, 0.616896638854005, 4.820303062121629]
[0.0456774561458962, -1.9057823413532518, -0.038553647390494744, -0.9992565317639357, 1.611809625772904, 0.26513989897963897, -1.066188267149866, 0.9131020696629629, 2.6561577593865153, -0.4810206738683677, -1.1705238259062942, 2.008920341437386, 0.6693912181722357, 3.2553158546388086, -0.43912607907020457, 3.0198852717902125, 0.9140294141456531, 5.186866907820749, 0.5942842372356281, 4.844826830378727]
[0.04145589801402724, -1.909255861043085, -0.039090346436816276, -0.9992356803154347, 1.5691952786862469, 0.32707825053770495, -1.0651625306525847, 0.914995281246383, 2.8467228747854945, -0.23158199430173917, -1.1692695938913866, 2.0109925674364244, 0.6730032229992157, 3.2569472285650476, -0.4368243885885926, 3.0234756800175835, 0.919762038355302, 5.186492706468646, 0.4200437052357931, 4.964706328839438]
[0.039680716656619465, -1.914468618876227, -0.040715314618505034, -0.9991707877813062, 1.5523789389796603, 0.33875403162057893, -1.062731333115089, 0.9163240700429641, 2.9069253857614785, 0.12153916387063235, -1.1680034187769455, 2.0125742673392355, 0.6782834562097397, 3.26154643662199, -0.43271545102223186, 3.0269242843349673, 0.9271218692951749, 5.188928213331254, 0.49055292530764705, 4.948197696640021]
[0.03403702948841987, -1.9146722091881312, -0.040379429757494874, -0.9991844182394257, 1.5403983879834446, 0.3472276150014635, -1.061214272436994, 0.9166760834793296, 2.967836348873994, 0.4236171618340203, -1.1670339883269576, 2.011740215276829, 0.6791511457230404, 3.2619666499301188, -0.42942397212197225, 3.0278014352784948, 0.929813746389282, 5.1855168708387955, 0.5587110435560897, 4.915475523743623]
[0.029020540980395998, -1.9126243867336346, -0.041678377858293716, -0.9991310788976097, 1.525589176756075, 0.3524429896211925, -1.0594888834165497, 0.9149486112109996, 2.9469639962057372, 0.6402447572490528, -1.1673031075196403, 2.007986311369586, 0.680705819842107, 3.261603654270812, -0.434266388142621, 3.012655622892634, 0.931809063170113, 5.182411794795255, 0.6093038889586184, 4.8875126232821025]
[0.024038886981195936, -1.912378546560533, -0.0422734887133472, -0.9991060765264129, 1.518879855952813, 0.36247579483312425, -1.0582281949906807, 0.9174915602370521, 2.934729315056371, 0.6815333134823038, -1.1690061875641162, 2.0098905024717846, 0.6451016645289558, 3.254160417414259, -0.4307560772961447, 3.0204765133434415, 0.864821750591391, 5.208932658367191, 0.6047655878601949, 4.885594276734138]
[0.018701876311977225, -1.9133001796492697, -0.041323901127737254, -0.9991458027713397, 1.5059896367666545, 0.3696345674432378, -1.0614440349771013, 0.917299396895109, 2.917401397804951, 0.7099361852019072, -1.1727270052450163, 2.0099840039910704, 0.629348055608252, 3.251886004135036, -0.42332395402950895, 3.0097967070004104, 1.3206555303427254, 5.049540592345201, 0.6062429684165437, 4.876614944966922]
[0.01710288142851355, -1.9149981685610404, -0.03984895052620989, -0.9992057151267499, 1.4825135952512973, 0.3768335736211544, -1.0612510907475101, 0.9194420074340149, 2.8963314405933804, 0.7067899916225963, -1.1766873102783428, 2.012180862943743, 0.6084038972596761, 3.250573900302361, -0.4191150471773583, 3.0171489410041845, 0.6817971547781168, 5.210330784515336, 0.6094606676441229, 4.893266823670706]
[0.016236230207452657, -1.9148100402686137, -0.03938915817423671, -0.9992239459792409, 1.4821162112245343, 0.38136435034072863, -1.0614536383795359, 0.9197438160426412, 2.9085693930742416, 0.6453168383175395, -1.1833669792670394, 2.012349817016265, 0.601237805488608, 3.2510856828428123, -0.4148578729665479, 3.0241990781464887, 0.034540941482783125, 5.121985434138745, 0.6018672058581308, 4.916291231855985]
[0.016079702156508304, -1.9132542516973983, -0.03855033642956946, -0.9992566595030362, 1.4835531410135123, 0.3840863436876426, -1.061216595909004, 0.9208588389692731, 2.929759790387305, 0.4368336844405647, -1.1860009796401072, 2.012693081920065, 0.597433485049001, 3.2503369214955247, -0.4095314440064076, 3.028667519161494, 0.04403197069569086, 5.118683964217782, 0.5936778514302065, 4.93171221472426]
[0.01777889790582498, -1.913612142136139, -0.037499402460983086, -0.9992966500569633, 1.4871425041546744, 0.3810024378942221, -1.0635497397334006, 0.9208572795322001, 2.8887383577540335, 0.19770293552309312, -1.190054382611407, 2.013531876671161, 0.5946339828691639, 3.2528535149492384, -0.4091755725851004, 3.0340643792320625, 0.7558022499389325, 5.20120346544713, 0.5887640437932596, 4.9663016410966785]
[0.02365153562029874, -1.9169077959464276, -0.03681202381734142, -0.9993222077500687, 1.5085383595664914, 0.3752076514099008, -1.0670472947632175, 0.9236326597408444, 2.889356313642895, -0.05848053200563912, -1.1945850616990226, 2.017227486622428, 0.5951574561162158, 3.2568961543531585, -0.41174969059626937, 3.036748812598897, 0.7607124983378896, 5.200999241379235, 0.6826811915696598, 4.937298020491836]
[0.02466902117378677, -1.9122761385303764, -0.03525324212307121, -0.9993784112736337, 1.586117530863024, 0.3471998782558334, -1.068788830004676, 0.928094245401382, 2.8024596227568375, -0.29462048452696715, -1.1988629986326698, 2.0238985868304415, 0.5965030051267793, 3.261514777645938, -0.4125301414512861, 3.0411714227991045, 0.7728540296018435, 5.203797391721205, 0.6749446295707381, 4.943766297626965]
[0.027889823674507683, -1.9139180589357716, -0.03436964502002582, -0.999409189221911, 1.6109820372288846, 0.31988469859633734, -1.0710196545783335, 0.9309569112386187, 2.7057116500748575, -0.5173060143478584, -1.203204887472164, 2.0279964009563725, 0.5937996146603314, 3.266407745362823, -0.42615297584332856, 3.0249479160583, 0.7812668999426802, 5.205065154316197, 0.6984581378282642, 4.895553934510523]
[0.030302367144272785, -1.9127554996453413, -0.03237018986787435, -0.999475948088756, 1.6315331205548118, 0.28502564083709586, -1.072588319472211, 0.9306840299555723, 2.5977762277845597, -0.740302267476507, -1.206815862033303, 2.0272314064311128, 0.5955653096235077, 3.2705452666096053, -0.4274524938740532, 3.026544683215617, 0.7822383329672957, 5.204825161043351, 0.6942365491154592, 4.89542972264668]
[0.036964260906676906, -1.912841072213535, -0.03056194177198175, -0.9995328747545655, 1.627646686180188, 0.26435445049252076, -1.071061320880304, 0.9308624460082494, 2.3430289824588577, -0.7027903285526114, -1.2063404550155843, 2.0263150716840106, 0.592224306846573, 3.269833580300583, -0.42899460377879617, 3.0257814228570377, 0.7955987297033241, 5.200805337954909, 0.69484249516097, 4.887926940713129]
[0.042508226691007345, -1.9181146914588765, -0.02993195917942833, -0.9995519385303001, 1.6270087627652308, 0.24979511534490664, -1.0710237248986203, 0.9324869642084643, 2.2248890396371754, -0.735887780761114, -1.2063670564938724, 2.027715653727405, 0.5911458330642184, 3.270686771158026, -0.4292300750262573, 3.026979499167876, 0.8057980301175457, 5.200236686181389, 0.6881834465326189, 4.891554758758493]
[0.04700686128170778, -1.921028146084028, -0.029261362588931947, -0.9995717946498086, 1.6458200350504142, 0.21361188157933236, -1.0693651073203108, 0.9350304261217424, 2.086523225620708, -1.122803262080112, -1.205508765646401, 2.0301389695419902, 0.5860063527239454, 3.2716936486559485, -0.4307989720680813, 3.027587409299197, 0.8203542675014461, 5.195300026873531, 0.6720632715346908, 4.892952802739093]
[0.046747574534988415, -1.9205820120327344, -0.02809199285139045, -0.9996053420913863, 1.6410197514119655, 0.19791875853989938, -1.0696454089320413, 0.9351026068008479, 1.958739878018999, -0.8666943024048634, -1.2006479697885668, 2.029577277830315, 0.5687337385424478, 3.266963476777572, -0.43270389689383965, 3.0283757344996487, 0.8528867330841426, 5.182390233848613, 0.648686749357477, 4.90370665100688]
[0.0484873137956437, -1.920587780743861, -0.027570899576025817, -0.9996198504914598, 1.648826505916712, 0.18573257634807847, -1.0701788455515384, 0.9370623018018919, 1.9229021498070311, -0.85407223357774, -1.1965387832901113, 2.0312832756847095, 0.56659426097203, 3.268382608623843, -0.43485817749680394, 3.030773593991101, 0.8605390054627822, 5.180466274726368, 0.5572200204713491, 4.967003911932026]
[0.05021546567919251, -1.921964502919824, -0.02651036550298201, -0.9996485384978554, 1.6465045591088245, 0.18351694462093024, -1.067976870636871, 0.9382277026587726, 1.8751697491518196, -0.8466351871157063, -1.1905080116902258, 2.0317944717416823, 0.5852515370718062, 3.271462015868797, -0.4368841645465152, 3.0308101051858873, 0.8326766909308334, 5.183765107784896, 0.5748433583471109, 4.940873262481648]
[0.0523728010077222, -1.925070539205203, -0.026423124213797597, -0.9996508482999362, 1.6478858698326686, 0.18310366199355113, -1.0637033283490693, 0.9410952422785178, 1.8774580929006193, -0.8461745190115618, -1.188468430636844, 2.0351433783045665, 0.5711256676147677, 3.2693974185399504, -0.445948568507398, 3.0209447090433112, 0.8577407227750535, 5.174481816595343, 0.5976127161254019, 4.9052577766251115]
[0.05136052384801698, -1.926086119006312, -0.026320696933775763, -0.9996535504428123, 1.645856174639969, 0.18635332675777083, -1.0620835759790337, 0.9426853840139744, 1.9230967019417273, -0.846873555823143, -1.1773653622997389, 2.0379074523681706, 0.5775763037702134, 3.271618179100143, -0.4474966929444957, 3.0256471302502113, 0.851221869900239, 5.1770273309188415, 0.600544243399371, 4.90818259139884]
[0.05158969850844142, -1.9262547539471457, -0.02660543431452795, -0.9996460127789912, 1.6344791034295574, 0.19688723509092368, -1.0601067603962926, 0.9450710509542786, 2.089470165010753, -0.7570784068462777, -1.1696035995642224, 2.0407942465932716, 0.5747975510093355, 3.2749644319993076, -0.44781038212591706, 3.029560742512132, 0.8603329395621552, 5.173711085462102, 0.6106443318101428, 4.907013586813965]
[0.05226552979863557, -1.9250812658643508, -0.026833314468372938, -0.9996399217891617, 1.610304432856177, 0.22349581474930932, -1.0579319901113533, 0.9453987248350132, 2.2793035280951837, -0.6737619813427519, -1.1617830525741384, 2.040351761246368, 0.5755021004886536, 3.2760294008765274, -0.4483806156944424, 3.028244256835581, 0.8555752047113286, 5.1743248469356855, 0.6335767935492146, 4.888329336004439]
[0.05210796931604877, -1.92572076453562, -0.027432373216528142, -0.999623661634572, 1.610930111584929, 0.23286753531781948, -1.0565835069271954, 0.9464863965561676, 2.4839184131007435, -0.5555773345412087, -1.157086759153961, 2.041351337211787, 0.5788494248940689, 3.279948583085102, -0.44915707829179025, 3.0291324943730737, 0.7482655909695749, 5.280419451514923, 0.6448724358078773, 4.873333542652131]
[0.05160988957174082, -1.9275374310042461, -0.0291965968145239, -0.999573688496476, 1.5810870637387087, 0.27558380485038003, -1.0537202888836374, 0.9494806720829972, 2.7190344766451533, -0.39719124225758107, -1.154251172221548, 2.044732760874016, 0.5811303459734404, 3.2840110954556994, -0.4501208250732823, 3.0272542208526434, 0.7491180461390184, 5.280482702455369, 0.9102795450064264, 4.662938172285698]
[0.033191375412299634, -1.9205540603862075, -0.031224525844467926, -0.9995123956138754, 1.5309721916095127, 0.3483777040074904, -1.046726889768473, 0.9539616961744741, 2.876305285682937, -0.06757020658826349, -1.1475810163809368, 2.0489432209720904, 0.5779564174563772, 3.2867131656996635, -0.4614970704131193, 3.072574831490787, 0.7396760253474668, 5.281138904234555, 0.8037872850660321, 4.72790691403792]
[0.027366138388253816, -1.9218401758950245, -0.033294612886730426, -0.9994455806859736, 1.4712504928637948, 0.3744382363100549, -1.0419453734239388, 0.9551504229084324, 2.9041724006949674, 0.3201940388692119, -1.144504045195509, 2.0489059103684113, 0.5681335507076496, 3.2835753169930912, -0.45269624961807614, 3.06457034299354, 0.718186275942913, 5.2792361030731545, 0.7476132023769813, 4.75569774878064]
[0.015264259358123068, -1.9092764875502255, -0.03613870170847771, -0.9993467837736937, 1.3971992058256368, 0.4011875478245862, -1.033985385467021, 0.9625596194651886, 2.433224566070126, 0.7076835499506263, -1.1387903366180394, 2.053458509783582, 0.5729659298144841, 3.2826974673822407, -0.45378477136293616, 3.0821900476416952, 0.725165815334072, 5.264116640734847, 0.6805368611767653, 4.7932580105559754]
[0.005105392688884729, -1.9113893187055404, -0.036445475101313865, -0.9993356429871996, 1.4065477965582924, 0.43404952153062837, -1.027851704405205, 0.9681470242403841, 2.7792829470685025, 0.9452242464137869, -1.135377123422539, 2.058841266896342, 0.5659777675309471, 3.2823938543938587, -0.45565411700260794, 3.0848506877563406, 0.7106504429000055, 5.264613494626284, 0.6958121333043709, 4.777064049686949]
[0.00039773245212865595, -1.9102029380007826, -0.03995006826544676, -0.999201677363277, 1.528126271843055, 0.6794886105252366, -1.0218556311056939, 0.9707038565756282, 2.8664030680422594, 1.2374406008738421, -1.1290544176929216, 2.0600551436265357, 0.574709063543469, 3.2762230427266736, -0.4238654665164505, 3.064047706345616, 0.7238530365916385, 5.251819093594272, 0.654071100317437, 4.8198817945791435]
[-0.0061947427193134235, -1.9112790569547777, -0.040009354131353966, -0.9991993052349425, 1.5273816971908756, 0.6862512364885476, -1.0241107150277182, 0.9725003288032207, 2.829597175735728, 1.2995988868149835, -1.1405492803412889, 2.0620057029957466, 0.5725381673773934, 3.2709515962536595, -0.41945752574540324, 3.031128885280564, 0.7197460067979061, 5.245583784414926, 0.6370852349749987, 4.817721189319553]
[-0.009045093733471905, -1.9097890102849922, -0.041806368775883236, -0.999125731592263, 1.530713071539427, 0.693259025983636, -1.026571289678925, 0.9767204642709963, 2.7861507750752654, 1.3155666520980536, -1.1445811045883112, 2.0683730392029123, 0.5782103334031642, 3.270024373107928, -0.41155166247117825, 3.0124235943759325, 0.7277123669836433, 5.242506736943185, 0.8937759954621202, 4.704974454302228]
[-0.009089256345721325, -1.9087573209875566, -0.04491208470071978, -0.9989909432261312, 1.5137971437733506, 0.6793954446320705, -1.0312498229620337, 0.9805820371610666, 2.7973664537537473, 1.3075310128163575, -1.1472083883239708, 2.0742758195545616, 0.5834922128368866, 3.2670625812154506, -0.38759029514335014, 2.9952057199672475, 0.7336512196260684, 5.236636585513104, 1.021487908195727, 4.593354818720416]
[-0.008040188734281382, -1.9081495375454376, -0.04200466555378935, -0.9991174145573253, 1.5144757218011877, 0.6726124978324993, -1.0357361771271354, 0.9771596547171733, 2.84133774551096, 1.1273208576373164, -1.1533933982979145, 2.0720821225644572, 0.5841737783509657, 3.263035118803464, -0.38481646545527237, 2.9672410672019867, 0.7389454589895619, 5.232775259845119, 1.071050285142319, 4.515266108471241]
[-0.023892939126569125, -1.9076371789866904, -0.04050760364802785, -0.9991792301918082, 1.3734913494506416, 0.4438018084605743, -1.042789862424383, 0.9717563068567818, 2.7710381285007326, 0.8459119486000645, -1.1546821227845236, 2.066288687558616, 0.5720288591574794, 3.2565368522194436, -0.38024630777448326, 2.9572912228967887, 0.7162993273052013, 5.230424025167424, 1.1130895757629227, 4.463684375098984]
[-0.025338720341096296, -1.910040022001515, -0.04279899769739968, -0.9990837030980427, 1.392203418341601, 0.4376138836982196, -1.0454883939928996, 0.971405832292157, 2.8343664421023345, 0.6152830443806662, -1.1581434188711806, 2.06649251393439, 0.577337003695194, 3.25356332175416, -0.37112054220098617, 2.9577267153207782, 0.7227711695275536, 5.2301938852880046, 0.9005051214473997, 4.739214041112112]
[-0.019010321937538845, -1.9114447222386717, -0.044609373026407356, -0.9990045064153569, 1.4353126236602496, 0.41291561548869193, -1.046858792720812, 0.9664196520686203, 2.8837022186219765, 0.3057260597363413, -1.1616178973311357, 2.0614925491452305, 0.5795794229023016, 3.2537186688336486, -0.3508419460252035, 2.935433987829411, 0.7237275985957095, 5.229356144364536, 0.4430482188067823, 5.068477809575342]
[-0.015120515018549652, -1.9135008174650674, -0.04519061415469925, -0.9989783823448438, 1.484839159893627, 0.38760232108753634, -1.0489235090796518, 0.9683379861058427, 2.876311092762684, -0.02541374796668758, -1.1639871733668488, 2.065605578267049, 0.5745938330954528, 3.2525511224762993, -0.34253569397786376, 2.937470745451423, 1.0342636796270421, 5.08830730252318, 0.5890728757264927, 5.014092675414408]
[-0.009341211481356653, -1.9154750109614889, -0.043094901514469014, -0.9990709831956177, 1.5550491479634017, 0.32994513766312866, -1.0502075412929912, 0.971940998096055, 2.827504380562683, -0.35294677613483566, -1.1626707973557457, 2.0706408066215034, 0.5825543931806951, 3.2571337157661833, -0.30747502514440145, 2.984641210081529, 1.0487268841849702, 5.093184656095075, 0.8398321573767076, 4.8628660687147045]
[-0.01047916984212238, -1.9189651678976227, -0.041552035508631485, -0.9991363412193, 1.5937296514972692, 0.2791206210907691, -1.053616415056823, 0.9747041829499933, 2.674434609881903, -0.6107771330084814, -1.1699685209967134, 2.075312920909172, 0.5841647907769266, 3.259872727492526, -0.366606172928349, 3.061162243955551, 1.066469360279556, 5.099340622453222, 0.9235263563613219, 4.749663841623995]
[-0.009604892003517818, -1.9216909522258954, -0.03776731154283867, -0.9992865605915183, 1.6093838258639481, 0.2611961857061907, -1.0587419876660078, 0.977684556211068, 2.451003124786054, -0.7058082024862181, -1.1771039877544285, 2.0798537975174654, 0.56726287204934, 3.255618435643739, -0.35556093266869127, 3.0510971777397113, 1.0982713534652058, 5.096632988092672, 0.8027457828783623, 4.696382568184881]
[-0.005325829387612839, -1.9186311758003005, -0.03782581304454802, -0.999284347854763, 1.6150413493195785, 0.24234362426215372, -1.0555101533260796, 0.9828710556770112, 2.2397605831523077, -0.7494772845672956, -1.182046528740021, 2.0845559244091745, 0.5586736348256971, 3.252340227906897, -0.3443252015012912, 3.0500957239367046, 1.1372548491581147, 5.0888649644552, 0.8054093868815168, 4.708861518103903]
[-0.012910606091516185, -1.9207823040822465, -0.038534186807424195, -0.9992572824088352, 1.6209115951574078, 0.21077791939848603, -1.0556776589960832, 0.9834284920425251, 2.133596789474715, -1.1036579091070553, -1.1764377029281743, 2.0850401904492535, 0.5398706735628686, 3.236755347267102, -0.33514836044609014, 3.042270120410707, 1.1749926427218782, 5.063129517524143, 0.7436266713321311, 4.754932066362345]
[-0.012634018399924441, -1.9220914301736873, -0.03941869198432588, -0.9992227813266893, 1.658883133508839, 0.16600050919761936, -1.0525799896122128, 0.9815412942385335, 1.970562202502751, -0.8544277511044741, -1.1694993907063602, 2.0833747955173387, 0.53960910279322, 3.2319602393044353, -0.3218023223782313, 3.038824105844846, 1.191365663308045, 5.068873392048096, 0.7458390300088393, 4.76286431681527]
[-0.008896117737536081, -1.9193053505248345, -0.047603764585267425, -0.9988662981587226, 1.6781621253683965, 0.1424960989171171, -1.0411169203613932, 0.9808004144628244, 1.878069524769407, -1.1009392343142022, -1.1550014741526948, 2.083016426980622, 0.543425006525578, 3.228466238274211, -0.30344772517007546, 3.0381187267402003, 1.2322031433328537, 5.0655662114337225, 0.7584011795415587, 4.77077635031335]
[-0.008883104628236988, -1.9200075172625413, -0.05074602891421434, -0.998711590274909, 1.679710447765158, 0.1290410392629129, -1.0364274663322912, 0.9784814139387789, 1.8329040632453553, -0.8995745129194319, -1.1479450184905908, 2.0804322817666328, 0.5461219694566374, 3.2203140439526297, -0.28648468882175987, 3.031564349640192, 1.2395144062337489, 5.091468146880569, 0.7686589706585447, 4.771496210792564]
[-0.011837975570236255, -1.9260853816193875, -0.055557587462968835, -0.9984554844735415, 1.6789756928872537, 0.12259498443619654, -1.037696511095771, 0.9728057754522524, 1.8663780161588222, -0.9031764656540086, -1.1409196302487739, 2.07571763192529, 0.552048371115565, 3.215727519129363, -0.2736396788598466, 3.030780519117015, 1.2327004151480758, 5.12276909327428, 0.7794666584243275, 4.776125607277502]
[-0.006211413291216077, -1.9306738630676845, -0.059733299932391785, -0.9982143722062846, 1.6364159129264044, 0.18292658580859356, -1.0396878010211466, 0.9760601602690334, 1.9294997608651325, -0.8264169614287658, -1.1378263621512985, 2.079598267703523, 0.5427210604319072, 3.188190364632162, -0.26378163051614445, 3.0277474347282016, 1.287500996506676, 5.089183972086692, 0.78696940902136, 4.776021093323679]
[-0.013539188971367268, -1.9307051084588274, -0.061467114239023235, -0.9981091091995539, 1.6011367464834856, 0.23259776421093514, -1.0384713519905413, 0.9805205043425881, 2.0774768580732226, -0.7244365676215815, -1.1311970391096184, 2.085210486126248, 0.5334614787776426, 3.18544987154567, -0.25020756390248583, 3.0182105123467347, 1.3455281772038898, 5.0481206649011225, 0.801985035329647, 4.77372638451865]
[-0.025745959538401437, -1.9239164499234909, -0.06324460606655884, -0.9979980560118771, 1.5771517640013941, 0.2511911564816757, -1.0333468734215314, 0.9867914093218123, 2.2666286150875568, -0.5980994441229283, -1.1262627059711605, 2.090423361575404, 0.543112223684267, 3.182153788272608, -0.2331740438080194, 3.010840897500527, 1.344036592980678, 5.051407696190707, 0.8161689342662165, 4.768461871285701]
[-0.027278273300923642, -1.92230827215931, -0.06326213388387288, -0.9979969450937507, 1.5713696632160346, 0.26699230516332967, -1.033997745130614, 0.9952102805034315, 2.488072533941341, -0.4410605089460808, -1.118098687819478, 2.0989862351417825, 0.5478248932499702, 3.191038122219308, -0.21435655553532196, 3.0027302155081195, 1.327528754734101, 5.06383322212834, 0.8293981049476438, 4.7652674492792055]
[-0.024247053480841, -1.9260249387436907, -0.0625764423617127, -0.9980401739716449, 1.434418966539713, 0.4072641384741962, -1.0344082318689514, 1.003483521848571, 2.68163032891856, -0.20895388377447244, -1.1239710577126958, 2.1090208273494833, 0.5596712167026555, 3.1922408684834407, -0.1936119673466617, 2.9996608599536616, 1.344171650745456, 5.056002051290697, 0.8479049773629107, 4.767632800555562]
[-0.019548270670678387, -1.933350778214001, -0.06648084985679012, -0.9977877011680987, 1.466704107204798, 0.41907020543611917, -1.0390027681028753, 1.0039774657537008, 2.7775660547360466, 0.14288198461181648, -1.1249585308127878, 2.113923452856134, 0.5675435952458033, 3.205830536928432, -0.1741767136228055, 3.003952005644294, 1.3691852694941207, 5.061138097211116, 0.8680238760380439, 4.780379140328349]
[-0.021543177351976747, -1.9301346945384075, -0.0642177753865069, -0.9979359084251895, 1.3627389691294094, 0.4493224015239967, -1.041306690536955, 0.9985068039125053, 2.5670101566196406, 0.5600832609718819, -1.120371044880661, 2.106174443814233, 0.5758423153152411, 3.2007068296953194, -0.15339962937058788, 2.9961070803205523, 1.3861065678289641, 5.045523749491175, 0.8843486367166923, 4.771197375837396]
[-0.019480973956589098, -1.9276266738569436, -0.06535705580518886, -0.997861941982195, 1.3755805122591929, 0.46344078041326814, -1.0382906298588144, 1.0011750329904174, 2.7406621585608812, 0.7954329679686042, -1.135823208031602, 2.1100601010030435, 0.5860988759047433, 3.197985634891602, -0.1279443513441608, 2.9915789228551546, 1.4217320404529241, 5.030076659766069, 0.9084539707246262, 4.770426548295582]
[-0.021966774199508262, -1.9428503432259248, -0.06865980640628692, -0.9976401310012801, 1.460774487071758, 0.5855113846007511, -1.0445257235865304, 1.0008948614544015, 2.6011496146982314, 0.9733267408687858, -1.1452652827414158, 2.1148978461319277, 0.5994483720932509, 3.2005110245942063, -0.10617964175955055, 2.993964515824097, 1.45029541874169, 5.0516671114740435, 0.964301990056747, 4.6991362336808296]
[-0.040834454023925285, -1.9524841412725755, -0.07230629857939719, -0.9973824738713565, 1.4951561377687113, 0.6239656996441462, -1.068379655484416, 0.9993326947548338, 2.6123476687845533, 1.011970283216477, -1.168963376886273, 2.1189369319116182, 0.6008874445642785, 3.201648122573344, -0.096074968563401, 2.9970482298400247, 1.4908565641628577, 5.06874516934537, 0.9869414864053124, 4.694743864834919]
[-0.04990496355412783, -1.9588257940583271, -0.07342541068915698, -0.9973007114532351, 1.5115005740639604, 0.6454440955691365, -1.085492799751234, 0.9943125831352294, 2.6651384034973473, 1.0721454094068226, -1.1944664456006742, 2.1170079685960026, 0.6011734010179242, 3.188973115947296, -0.08755654928717617, 3.0012875688921286, 1.4560310220315094, 5.165664329195212, 1.0294247730255432, 4.674580841184767]
[-0.05157581005046482, -1.9592145422010672, -0.08017858890077878, -0.9967805143971666, 1.4688452037091693, 0.6420856628606861, -1.1046719863400205, 0.9855003162739969, 2.6238124061084327, 1.0530570008276314, -1.2183425977354145, 2.112200476233077, 0.6097003881300097, 3.1816420911197056, -0.07561434676839761, 3.003707803110794, 1.468208371006046, 5.162253474907291, 1.0844485013863083, 4.646663796955027]
[-0.05617845400708883, -1.9579639047228705, -0.08353114239145859, -0.9965051671972293, 1.3553992276623523, 0.5483283662004653, -1.113698350225349, 0.9828547511717548, 2.607975588451162, 0.9425413510580996, -1.2352717588937208, 2.1112519004939863, 0.6127465998843934, 3.1829613789212954, -0.07055514991237435, 3.0062012591981775, 1.452875001075227, 5.193815138273954, 1.1283155398568325, 4.613628041261452]
[-0.05993228164175685, -1.9600839555813763, -0.08771875826462296, -0.9961452802922436, 1.358941178116461, 0.5364914834047609, -1.1239536265422816, 0.9771519139432973, 2.6523795180463563, 0.7063934691840703, -1.2493395940351986, 2.106917457743865, 0.6109026749035869, 3.171513299216402, -0.06416555553482806, 3.0082110862174343, 1.4561277762412865, 5.194318640102894, 1.1456069358226015, 4.596928698242148]
[-0.060956540797222174, -1.9609658211017111, -0.08958398409027717, -0.9959792717695047, 1.3599486800324172, 0.5139622576315113, -1.129409246665189, 0.9661146226829718, 2.6239277609096026, 0.4669531078033298, -1.2652031628864948, 2.095265395486353, 0.6122891392692438, 3.1742243876067615, -0.05815435085734506, 3.010323844850746, 1.4592929642659418, 5.193234571912875, 1.1476878925155838, 4.590378020979749]
[-0.05835577022508739, -1.959807972937525, -0.09172246396964812, -0.9957846100454338, 1.4618448568840225, 0.44987587886200386, -1.1345624607551168, 0.9616760062782769, 2.86985118264323, 0.06205745046554041, -1.2818720445869975, 2.090109607278184, 0.6155410021967583, 3.177475994408263, -0.05169800661082636, 3.0127223841425272, 1.4713298803211656, 5.192286557672398, 0.7362472135354113, 4.190590388281092]
[-0.0519172470371733, -1.9544138383410423, -0.09258409143996586, -0.9957048689306668, 1.5206238396015874, 0.40428679904016857, -1.134940896037496, 0.9568364044601293, 2.6923781789001318, -0.17694561731956773, -1.2893816875810105, 2.082028879706421, 0.6084277726581029, 3.1729836241323772, -0.04667787209641509, 3.01023843492472, 1.4779671159731569, 5.17432899134788, 0.7556403643802749, 4.187835821735475]
[-0.05051257459136969, -1.9534658937341456, -0.0913813353167145, -0.9958159727357933, 1.5765304396849926, 0.35126479065215377, -1.1446201841696173, 0.9512491171189688, 2.552152058363186, -0.35425886053344263, -1.3057714261185351, 2.0798078920591525, 0.5980851329225777, 3.176958903932834, -0.04213912508339809, 3.0135999775539926, 1.5025032457393952, 5.15311924965266, 0.7696677592904467, 4.86485538133288]
[-0.04850716201221192, -1.9478205809580054, -0.0884779281990258, -0.9960781376084951, 1.5963604262950757, 0.32196191864899665, -1.147439491746287, 0.9567607336950941, 2.4358369363698658, -0.5431793794601693, -1.3065329830680923, 2.0851997634724304, 0.5801643662963798, 3.157308795000813, -0.0466658613808971, 3.0116813799597137, 1.5151230645979108, 5.125433056423599, 0.750701008234369, 4.847547305961983]
[-0.040334931060245674, -1.9555724891824862, -0.08766821013621505, -0.9961497301769009, 1.6088730761000642, 0.3026394886919268, -1.1441146988587458, 0.9490993733096648, 2.288201529807292, -0.7059397991754646, -1.3217296984318676, 2.074481361626411, 0.5624364845220053, 3.1697574574761416, -0.046821260388409794, 3.0166013854420415, 1.535694664866907, 5.110804266750459, 0.7283722048341106, 4.842344400661935]
[-0.029345440190036796, -1.9607333821637636, -0.08785241462992695, -0.9961335017173609, 1.6125062339802536, 0.273422726627239, -1.1406549254011698, 0.9464189594806813, 2.198168024618081, -0.7502074246164173, -1.3190765475961435, 2.0699520638328734, 0.5385641026216694, 3.175197429526289, -0.049163923647373105, 3.0184697996754406, 1.5405695033489715, 5.096382593302457, 0.6523346736274067, 4.48242407343592]
[-0.02894598155336364, -1.9556162030396809, -0.08584981189826524, -0.9963080897980466, 1.6179326474691074, 0.22749154654886386, -1.1391011102553514, 0.9451688693727761, 2.091628220534069, -0.7768136888235578, -1.3038272963127184, 2.0703812839436444, 0.5118130670675111, 3.172539747715792, -0.03655783372335907, 3.0210934970730707, 1.5322456058240967, 5.089725553910317, 0.532090912817889, 4.5100040766764655]
[-0.017938797834933063, -1.9461334834038178, -0.08456199577681046, -0.9964182198606379, 1.6385487940542818, 0.18922803208038141, -1.1253172015173853, 0.9263694131190101, 1.9415114528369286, -0.8796495858255173, -1.2881222293866519, 2.046006524508453, 0.49694912427635507, 3.151924580469067, -0.044795304567765024, 2.996720998875693, 1.5546710209466137, 5.049496240082378, 0.4327890964339197, 4.652100366408938]
[-0.014065043073285214, -1.948576166505051, -0.07824074944459707, -0.9969344938993473, 1.6494289952921166, 0.18333462275568885, -1.1112341126556662, 0.9165067268881063, 1.8834703124170709, -0.8208998834927935, -1.2563128887254114, 2.034374457250333, 0.48548777012460514, 3.1367503433378627, -0.02645477301898026, 2.9893085859350124, 1.6342341236754805, 4.979641375134293, 0.30898337851698154, 4.59075547380533]
[0.0141462864187199, -1.9679012762858719, -0.07178479809874634, -0.9974201435513133, 1.6588902187191361, 0.18039395620176102, -1.097643817423096, 0.9196277479603027, 1.873281837649638, -0.8188337051679673, -1.2317536682497734, 2.036972728879813, 0.499733169370264, 3.1264474187143647, -0.02137768958880439, 2.9754352214286617, 1.980820293638833, 4.513402807416574, 0.26049747644587246, 4.522262582899058]
[0.01621966766017698, -1.9560487183550788, -0.06184313939463383, -0.9980858811293825, 1.6231171278650962, 0.21994132308331163, -1.0945756647359373, 0.9175902271940568, 1.8796415055033526, -0.7625885709952464, -1.2276228741032065, 2.0331140243390697, 0.4743312493558923, 3.101708005028765, 0.17779663980349436, 2.866136389424822, 1.8940262727620325, 4.469864549820566, 0.1269256427912889, 4.44286430250864]
[0.03359701141056983, -1.9559399090304743, -0.06694536675578079, -0.9977566426087746, 1.567741296720813, 0.28897110112600755, -1.0808504433169095, 0.9241075928035423, 1.9799495805724967, -0.6835414086178251, -1.2080487600155445, 2.043170398974451, 0.47749889426591813, 3.0962599459073594, 0.24436986039389502, 2.839662894497704, 1.770456777699694, 4.495468963175851, 0.15665054641157697, 4.404289208089773]
[0.0418260051132814, -1.9528503250114435, -0.06589897102428605, -0.9978263003238291, 1.531556614710539, 0.32842361694575767, -1.067252699880539, 0.931650119591434, 2.098370962743019, -0.6491676376109897, -1.1810314463133174, 2.0496146668781656, 0.3243169247031822, 3.3232804187587894, 0.2406560859210381, 2.8395618330315586, 0.15441741019552888, 5.383353847048969, 0.1420165420499978, 4.38932745466736]
[0.03691513458822833, -1.9472165629142084, -0.06407891214789531, -0.9979448346566769, 1.479656868791148, 0.39910110659581494, -1.0739176174327532, 0.9403216670321369, 2.250108535351128, -0.5095292038203137, -1.192773330937692, 2.0594814941054485, 0.5050730744207858, 3.119070890542405, 0.2885745749714809, 2.8198240707847058, 0.5334703762257351, 5.471667660199417, -0.2607721730479865, 4.322168160792498]
[0.04758569417817443, -1.9297914488357788, -0.06036692712574984, -0.9981762540300156, 1.375997257383735, 0.4983533650753836, -1.0682163474849398, 0.936075813319844, 2.409077583662705, -0.1954499842844322, -1.1920040812477195, 2.0439320487431303, 0.5049200372689613, 3.1059961198061043, 0.3025738125669999, 2.8072184274310366, 0.5462161084553235, 5.44230735193504, -0.2627454624558188, 4.298180231218063]
[0.06723026030062014, -1.9396722452384878, -0.060052822442453344, -0.9981952006079248, 1.4035079768360577, 0.5850305918631411, -1.0663630010283047, 0.9286628435210298, 2.62971357586003, 0.03189905675883986, -1.1989461803320964, 2.0430811690785875, 0.4966976604230816, 3.1282902394819323, 0.3114150669135179, 2.805441368825785, 0.5327397059866888, 5.439612484876748, -0.2799217781967117, 4.298588564296635]
[0.07933936697928036, -1.9435041544760936, -0.058330553134247204, -0.9982973237322901, 1.372532228498169, 0.6410553924902896, -1.0782098833946516, 0.9412774752965194, 2.7293753908906537, 0.44075317828909655, -1.2221747057310237, 2.054459769468761, 0.4913764884396989, 3.1537260450760427, 0.3366792582067193, 2.7973761925210616, 0.5201083995569181, 5.457615545292927, -0.6991881814751325, 4.2867169052999365]
[0.08978951942062988, -1.9378014494678464, -0.0536530412151054, -0.9985596382632187, 1.3266888362470164, 0.6750690283447094, -1.1061709635184036, 0.895520554112683, 2.730589303674863, 0.785941843476746, -1.240928507150131, 2.0027282207594665, 0.47788807537491834, 3.169990609497251, 0.3035288477489358, 2.8109731702832117, 0.4940791709833886, 5.45396840773662, -0.7236518397581551, 4.275833671541462]
[0.09271460251589725, -1.9361455995986594, -0.04577903157253902, -0.9989515905529559, 1.3059236608393625, 0.7409644925298962, -1.128246593596502, 0.8836471500522123, 2.6767378818042165, 1.01006078329502, -1.2534240050108492, 1.9899360414962513, 0.4606849699556788, 3.175618938579135, 0.3151750274707308, 2.8001858924783845, 0.4690713529920599, 5.449093769300634, -0.781782046155094, 4.2828330250423425]
[0.10334968562776572, -1.9297761446744746, -0.03002763900242119, -0.9995490687784869, 1.2560653417275411, 0.8015552269137948, -1.1497199437980075, 0.8879443271173237, 2.586347942486841, 1.0856991528862456, -1.2638340547611941, 1.993271154163416, 0.44330031743110726, 3.1683784116524265, 0.13870334710231802, 3.1655223365162692, 0.45897500754867027, 5.43632669394521, 0.718310667769708, 5.3014694423468915]
[0.13088381534484575, -1.9394318286003522, -0.01997912068970026, -0.9998003974476438, 1.1743555402798171, 0.8363838087656658, -1.1635048378904793, 0.8984226982521366, 2.166146579630443, 1.1799448056629307, -1.3035646631716205, 1.9668803939852695, 0.4256051281182324, 3.1609087483105998, 0.1078745219636547, 3.1776046443927677, 0.4449305647055829, 5.417591951815786, 0.6452559224395173, 5.276494438533846]
[0.1531254428551963, -1.940531333947513, -0.017946283705364954, -0.9998389524824319, 1.08226873928269, 0.833683335027782, -1.1836655288752023, 0.8648998172952557, 2.066285910934723, 1.1950230254889542, -1.3552079342564354, 1.9234746244608238, 0.417846165091906, 3.154139279955145, 0.09826222323781206, 3.1827295265827096, 0.43438952379974766, 5.407853583291448, 0.6249450795690445, 5.282337232012619]
[0.16264459671263168, -1.9390938697697437, -0.010149477331031092, -0.999948492728454, 0.9980572587160758, 0.8208127124464243, -1.1990706894691874, 0.847205791866059, 1.9543320577229037, 1.2389968010989356, -1.4639721292632466, 1.91070875930081, 0.4330607120795955, 3.163720155243345, 0.10065568601116572, 3.178203820627944, 0.4830737088315405, 5.399725242963528, 0.6307995859756972, 5.234068148697188]
[0.18921895212991346, -1.9273541031375516, -0.00879971984407169, -0.9999612817157802, 0.9312614972344135, 0.8012923704299663, -1.2135532260416495, 0.8225230171296907, 1.8724987021131196, 1.2283982598773884, -1.411097839936455, 1.9303655209016994, 0.44620170654108654, 3.1451997690726294, 0.11198860201994049, 3.172784443597324, 0.5177162534433501, 5.364506840484505, 0.6501211921154962, 5.206613155671591]
[0.21375905620825505, -1.9374161385036681, -0.006185336324062029, -0.9999808706243127, 0.8976215793310026, 0.803367923785247, -1.2305967405036684, 0.8013986183455685, 1.8118943612259448, 1.246422814057914, -1.5185188050625562, 1.80977438477936, 0.46631851370924976, 3.1256524599627276, 0.1295975713133664, 3.1600140490175033, 0.5699114801875423, 5.337985024099701, 0.6866176669403424, 5.1620992402720125]
[0.23652371136063663, -1.9463882844223195, -0.0013256058208556958, -0.9999991213842178, 0.8710683904417473, 0.7985689875726801, -1.2636196042036567, 0.7700137283975366, 1.7456297813298132, 1.2766135805341663, -1.61583957502157, 1.9445140005211523, 0.5029862457686243, 3.104832448447402, 0.16089892087829014, 3.1691953764141814, 0.6642908349542069, 5.297142930474488, 0.7382439518438415, 5.11410593198983]
[0.24640566940622108, -1.9377141470754067, 0.0015796824684870356, -0.9999987523008709, 0.8461611652627845, 0.7850537940331862, -1.295541441898939, 0.7490327191815407, 1.6801659673125753, 1.3042984303079852, -2.0458744090557324, 1.7669693121958618, 0.5302324110904522, 3.1040110789028974, 0.15912189692318662, 3.1376393137116216, 0.7268235621936686, 5.23892050433977, 0.7542875568886127, 5.097007710857767]
[0.2645167555069139, -1.9472719988074767, 0.009450581538867703, -0.9999553422571317, 0.8300648521868352, 0.7804622028351832, -1.3828854288660337, 0.8045399977695813, 1.6124059716956216, 1.3602852997223407, -2.0521176314200136, 1.6876928051732172, 0.5723884884978536, 3.0950764392667516, 0.1777332601579123, 3.1261915249344394, 0.8285908796464413, 5.167638532925581, 0.7999497244357173, 5.053666530741981]
[0.2749262093265758, -1.9663904399778502, 0.010603030805862787, -0.9999437862888744, 0.8256605960696374, 0.795144585169362, -1.431051253918177, 0.6988577867791719, 1.5026380639192716, 1.4512930717941623, -2.254383491613795, 1.5630488339670474, 0.5725510873683124, 3.082202988495115, 0.2149608514405382, 3.1161760217770396, 0.8306106874895168, 5.196948539146715, 0.8800759658982583, 4.998349140649018]
[0.26592260050122696, -1.96318948031075, 0.009337222177902156, -0.9999564071908338, 0.8201040181199165, 0.7843126129153732, -1.457524646443949, 0.662088307838274, 1.4613158681538465, 1.4646059020026525, -2.3432854061352715, 1.4902851327822733, 0.5633633633432684, 3.0694687641187435, 0.25401047233453655, 3.0570972382924495, 0.8109297434262536, 5.167857918606665, 0.9631924160615597, 4.89798919109519]
[0.2791164031236542, -1.9719082941460218, 0.006686943629927337, -0.9999776421425082, 0.8088040883039849, 0.7654886690436785, -1.5337651256107931, 0.6501655036010703, 1.3696112508037142, 1.4977592409185243, -2.3294246819056874, 1.383909006964653, 0.5533848763328886, 3.012215054503423, 0.27326255862722004, 3.000891250375432, 0.7930103453777821, 5.168269098493198, 1.0500311099293334, 4.876782018199624]
[0.28199230547403553, -1.9891825682523814, -0.0026066409446095437, -0.9999966027057222, 0.8019607706573434, 0.7635195211185551, -1.606676193114747, 0.611659795293813, 1.3310440934634828, 1.538171371893722, -2.3496162874743254, 1.2976525102620697, 0.558510694721551, 2.9837111183977747, 0.32239196661514, 3.0026704992181275, 0.7890630983126912, 5.169573310437374, 1.115490677904085, 4.8014909799604535]
[0.2747946139849129, -2.0130962306666356, -0.007988823183637701, -0.9999680888429093, 0.7662666247621975, 0.7621620367663149, -1.6559523730360253, 0.5512660261855127, 1.229784090583037, 1.6021694198564316, -2.418993102185219, 1.3607400735775819, 0.5789687844071288, 2.9550247229008186, 0.38081506578109503, 3.025437723521132, 0.8222771640557189, 5.158339070572943, 1.2324067423077738, 4.820687658309061]
[0.31694966837076166, -2.016107601149611, -0.015428141279760596, -0.999880979145344, 0.7857966325474233, 0.7840037786428062, -1.7100749946655327, 0.48914393659141703, 1.223347572674733, 1.6556117750424673, -2.468486648269296, 1.433402800472068, 0.6601312555661774, 2.9068111615032777, 0.45302695784475916, 2.996587777605231, 0.9897690432747693, 5.051763253247831, 1.3341977712612796, 4.663498728019466]
[0.28493717056303713, -2.0454253910151365, -0.025262452474648596, -0.9996808533201814, 0.7522299455997518, 0.7870474735713188, -1.811133635399205, 0.5008026759303572, 1.16412349580517, 1.7262345617132833, -2.5871948887093303, 1.4707099518892675, 0.661415361053781, 2.911731491061881, 0.31928371644238845, 2.9278831599424535, 0.9925053286609334, 5.141451583530536, 1.2457969587462305, 4.952506175922614]
[0.3015209258202732, -2.0645918768531457, -0.04100322056271333, -0.9991590143232886, 0.7699305757984031, 0.7739003278900956, -1.9079510820243253, 0.45490559421919496, 1.1360516501008262, 1.7643461919896006, -3.4777226801969134, 1.8379315673784888, 0.6942479184094528, 2.8747141591188226, 0.48950752754798793, 3.0252324666487915, 1.0526101040707474, 5.112605256399774, 1.3963744132700908, 4.797299671137165]
[0.31624854401945446, -2.128300484288586, -0.03706393891479522, -0.9993128961602169, 0.737067748724523, 0.7302673423364558, -2.060150271910804, 0.425366839234149, 0.9781582575779295, 1.779384438290781, -3.8320662459766526, 1.792954773083837, 0.7868722698242343, 3.1878556245771335, 0.4726856500876878, 3.084909429583282, 1.132643755267294, 5.119084284577897, 1.3700070862841174, 4.925784427025888]
[0.3180605168790351, -2.128849427755732, -0.03447136232739628, -0.9994056859850725, 0.7703812262221665, 0.7203798676959853, -2.150041816534969, 0.4291848442103919, 0.9190566554248863, 1.8107447111977257, -4.080062550646623, 1.8401341925454615, 0.8737819355508339, 3.167796501843845, 0.5296867383162993, 3.1057531575895974, 1.2838720444824379, 5.033957818212232, 1.4640440193006306, 4.872830340967684]
[0.3286338381393469, -2.184409853462496, -0.03201304844680663, -0.9994874510113384, 0.7806990881344196, 0.6866414374083069, -2.194911685850813, 0.41992082097241884, 0.9408703569788124, 1.7949243461138271, -4.288762669455347, 1.8287836086756302, 0.7318101020818831, 2.870070786224767, 0.5807450847322926, 3.091490946444212, 1.5656965342091096, 3.750901423827977, 1.5510054322517504, 4.809405996830971]
[0.32563620599640575, -2.1997068347590956, -0.04634876411846038, -0.9989253185622493, 0.8042590134994028, 0.6663512995750979, -2.306629694081567, 0.4237035494574447, 0.970772283948038, 1.808451236100167, -2.373587223007252, 2.1488740886520397, 0.8401959032631878, 2.8117670089462568, 0.6398056281113085, 3.0913526922416628, 1.6019639507387247, 3.8881518667260617, 1.6643619373243557, 4.814260675516392]
[0.340710032967367, -2.2428629701896865, -0.07504535084120813, -0.9971801218020343, 0.8169886990564929, 0.6294980800910536, -2.7054642310450623, 0.5830285278843487, 0.976307470672551, 1.78006528992519, -4.984371180184257, 1.8710054479272822, 0.8853975612266802, 2.8208772641399813, 0.5452144745468919, 3.0703693777891465, 1.592331084839595, 4.034744431942328, 1.5964381482201229, 5.049568692124206]
[0.35924622079760016, -2.2939395415856056, -0.09846977077468635, -0.9951400425284779, 0.8541691267850039, 0.6260831934201808, -2.843490532720219, 0.5748666221738218, 1.0310183272605626, 1.810902753369597, -5.340079936396584, 1.901954564891348, 0.885578696549602, 2.85144912756219, 0.6152964213220284, 3.0877134813435716, 1.6368355402006751, 4.029273578687847, 1.6987881011335462, 5.028219636697034]
[0.3910247950421264, -2.337600678314758, -0.11354279266517257, -0.9935331067628262, 0.9018297301382897, 0.6222168461977826, -2.9114218500272964, 0.5717157733091695, 1.0462135990370256, 1.792161686929052, -5.577906299106717, 1.9481627357456028, 0.869209655175995, 2.8606215216524244, 0.614767765764136, 3.0646463427525, 1.361042115209624, 4.341825093410362, 1.733006764831806, 5.074152760466513]
[0.4035111831594101, -2.3888234001035324, -0.15402713005213356, -0.9880666188106464, 0.928191981460335, 0.647735052320955, -3.0390672939101258, 0.5641970647233362, 1.1136115887159286, 1.9009197488856278, -5.940720987541869, 1.9984354920385496, 0.9017626834935082, 2.8993520475022363, 0.6595588773640988, 3.1441984355346744, 1.4247356614816966, 4.374920084524682, 1.7841379726252817, 5.227050169195825]
[0.3884651163717763, -2.417578636672297, -0.19856094854075962, -0.9800885417729328, 0.9385486891353748, 0.7223307092975837, -3.145497506153109, 0.5989424435315812, 1.115150985043557, 2.033541046830169, -6.189991158396899, 2.124459467968087, 0.8161604278832039, 2.942379856684968, 0.5041485174125855, 3.225975289640699, 1.450014726729893, 4.3554220533649115, 1.4733142964490336, 5.886352930254163]
[0.5091882179685212, -2.3864716163631363, -0.04146058947557121, -0.9991401400806287, 1.0690481132814165, 0.5906818620139814, -2.8970064008737513, 0.5323311220921234, 1.195820772105935, 1.8467074047229064, -5.904746924390285, 2.061106903558365, 1.0325847706070779, 2.6422946200964352, 0.6619510865282885, 2.9826500122698816, 1.6767002134063644, 3.893993676897266, 1.8825364582286712, 4.714154476557086]
[0.3549998789408757, -2.468575661223944, -0.2458018585645707, -0.9693200948738258, 0.953195460030085, 0.7528030078607901, -2.9431405000313777, 0.5649730113879995, 1.091966923673312, 2.1269519216754365, -1.1719688266973172, 1.2699712878453069, 0.8415844486522588, 2.917087498361786, 0.519239695275969, 3.324456770183199, 1.5632252500550305, 4.2363447038173785, 1.4105396455893449, 6.059508375043041]
[0.37983530287342443, -2.4201707084380524, -0.21001083469262605, -0.9776990586636087, 0.9628657834146832, 0.7004195054059223, -2.9146670240737746, 0.5988193187799279, 1.0537830717836667, 2.073398169451998, -1.1845927249520845, 1.241916246251803, 0.9007805530860692, 2.9404775271175883, 0.5721281371985016, 3.7299887271573056, 1.8948002802391166, 4.32354875537314, 1.3280425233682112, 6.257483896263742]
[0.19145894678384387, -2.0253632726274375, -0.12806051567964258, -0.991766355712808, 0.9311482955825691, 0.567545285023633, -2.9604404882416313, 0.38011064212410123, 1.038812801889692, 1.9414605154048132, -1.2024765670288275, 1.4781437847165972, 1.0744003400421631, 2.9198107678312266, 0.5384013611223158, 3.6867018985730833, 1.717882772115242, 4.859734789530961, 1.3190349583967782, 6.160297330649554]
